10.0 5.0 0.567689807743893 57.1 1.3760874915980779
10.0 5.0 0.1423130432937047 69.86666666666666 1.323934225472496
10.0 5.0 0.3050991617314665 45.56666666666667 1.3074512095605995
10.0 5.0 0.16731588418049836 60.96666666666667 1.1814134943543637
10.0 5.0 0.18424362335987998 54.56666666666667 1.4845002414362845
10.0 5.0 0.5253139811511505 78.26666666666667 1.4596020371112854
10.0 5.0 0.23760482967244273 68.76666666666667 1.268795895804825
10.0 5.0 0.4253285846464455 85.93333333333334 1.197362093891116
10.0 5.0 0.4262944743665653 69.8 1.255974676659925
10.0 5.0 0.20192403530829714 74.6 1.3028634138025785
35.0 5.0 131.91689434930942 1663.3666666666666 1.1318097552756157
35.0 5.0 0.25305234548081096 1564.8666666666666 1.2203486099035
35.0 5.0 1.9636694954861924 1154.9666666666667 1.2204890438641007
35.0 5.0 0.2978275580973188 2090.5333333333333 1.1687087123588245
35.0 5.0 0.4411916355570709 1706.8666666666666 1.2188344357455272
35.0 5.0 0.530355830143378 1609.3333333333333 1.134389395759303
35.0 5.0 0.6046899479237572 1920.2666666666667 1.1282327290278595
35.0 5.0 0.3490052282183883 1717.0666666666666 1.1733035457644696
35.0 5.0 0.3570865395498564 2033.3 1.189287349033008
35.0 5.0 0.20070300220691611 1452.5666666666666 1.2515254959567879
60.0 5.0 0.5224413530043311 7377.433333333333 1.1681318629090902
60.0 5.0 0.23090171217192926 8418.2 1.2267544564132582
60.0 5.0 0.6341994380601783 4790.3 1.2242635936847246
60.0 5.0 0.39320549089765705 5529.9 1.2197456337934993
60.0 5.0 0.24766018474360268 9029.266666666666 1.250803760885158
60.0 5.0 0.18313594023353186 5385.133333333333 1.1530333021397063
60.0 5.0 0.5118890009060558 6498.966666666666 1.1746441852815395
60.0 5.0 0.3066840783474562 7136.8 1.1860976460908037
60.0 5.0 1.4286135382643563 6396.333333333333 1.1481699521763404
60.0 5.0 0.21009145869994306 5481.733333333334 1.1495596920915347
85.0 5.0 0.6245569236892047 12833.9 1.1379752667264194
85.0 5.0 0.46359401616395063 16664.866666666665 1.1551908468916283
85.0 5.0 0.3265116258603265 18181.533333333333 1.156872560672589
85.0 5.0 0.40799820380303065 18555.266666666666 1.1827299650873655
85.0 5.0 0.3573012214599413 13772.966666666667 1.1888523311791295
85.0 5.0 0.19043869566594065 10534.533333333333 1.1971831542587952
85.0 5.0 1.1676617119125743 11308.9 1.1867788863247601
85.0 5.0 0.981953827829946 11146.766666666666 1.1550868077739485
85.0 5.0 0.17757672291616192 12717.833333333334 1.1598334694611443
85.0 5.0 0.5629233040765295 18936.633333333335 1.2437789676446733
110.0 5.0 0.6636361130736039 31125.6 1.1501916767723361
110.0 5.0 0.4665987259036676 21592.233333333334 1.1507035199232034
110.0 5.0 0.5160196983205874 31607.966666666667 1.137361624539628
110.0 5.0 0.5608057776533667 34865.7 1.1625895294962008
110.0 5.0 0.3857419557027615 24200.066666666666 1.1650260609485474
110.0 5.0 0.46003794794950065 26333.3 1.1262001785498288
110.0 5.0 0.38394058693297123 31547.9 1.1329696637103563
110.0 5.0 0.3218558399790653 29317.0 1.155525614743217
110.0 5.0 0.6275147610486898 27383.666666666668 1.1518596694592262
110.0 5.0 0.28440084211070954 28398.333333333332 1.1475535565640749
135.0 5.0 0.21497558239261788 45061.4 1.1561600916526458
135.0 5.0 0.7344019298144258 35975.63333333333 1.1252714481210162
135.0 5.0 0.25206063682715296 46125.166666666664 1.1299598798183463
135.0 5.0 0.46802786978191124 36604.066666666666 1.13404765212799
135.0 5.0 0.5924158846207646 42401.666666666664 1.1199301644691617
135.0 5.0 0.26584567778839463 33462.433333333334 1.1964950670065118
135.0 5.0 0.38084636191338317 43911.26666666667 1.1845199072366657
135.0 5.0 0.4340155573382147 44848.933333333334 1.1914757855029596
135.0 5.0 1.5755148857652086 50138.5 1.1391691219003368
135.0 5.0 0.37687023082235444 52180.63333333333 1.171561730088844
160.0 5.0 0.5113835679084213 69369.06666666667 1.1578759403363534
160.0 5.0 0.37315948554765843 84353.2 1.203836975513282
160.0 5.0 0.4674762302993605 52686.36666666667 1.1184435926105138
160.0 5.0 0.3421465463405317 59534.26666666667 1.1093406662002545
160.0 5.0 0.5298597759705329 72774.96666666666 1.1299307206804776
160.0 5.0 0.5279067170637771 65319.9 1.1690707585116333
160.0 5.0 0.3393900781190747 63749.9 1.1229787963933737
160.0 5.0 0.2959691546570068 84748.8 1.1990863161286809
160.0 5.0 0.2978780696516641 67357.16666666667 1.1400446165811786
160.0 5.0 0.30248029224209816 84133.53333333334 1.1850277024152964
185.0 5.0 0.22591047658369137 74658.9 1.1470663568452208
185.0 5.0 1.0025293100185424 79122.73333333334 1.1538393644265952
185.0 5.0 0.39001538377209055 95932.53333333334 1.1758948407708094
185.0 5.0 0.3472735967397373 115363.83333333333 1.1424567676194652
185.0 5.0 0.340801409171143 138589.93333333332 1.2578174475095254
185.0 5.0 0.7754519532017238 116484.93333333333 1.15293026800255
185.0 5.0 0.6027527286389911 112211.83333333333 1.1326160603530295
185.0 5.0 0.4840402415089003 100156.83333333333 1.1248511624808673
185.0 5.0 0.4006611587485469 96522.26666666666 1.1526425685197437
185.0 5.0 0.4137190860977376 95203.83333333333 1.1230664162430437
210.0 5.0 0.7349390127386779 171751.03333333333 1.2018505713689818
210.0 5.0 0.469631283489755 114748.73333333334 1.1217144352942507
210.0 5.0 0.9064432296612451 152324.63333333333 1.1476579121603685
210.0 5.0 0.3080320936620077 146450.7 1.1768170939620064
210.0 5.0 0.26814149497629397 101194.1 1.1376595050912148
210.0 5.0 0.44888951427410956 130369.9 1.1397973876138108
210.0 5.0 0.2115193633684118 94890.73333333334 1.138583608192417
210.0 5.0 1.0099259069204858 141449.16666666666 1.1763368987477882
210.0 5.0 0.7010924813260576 143916.83333333334 1.168581514293581
210.0 5.0 0.3735919127948994 156577.86666666667 1.1585855579516955
235.0 5.0 0.2656008416591454 184790.56666666668 1.1662953696223823
235.0 5.0 2.000279458410706 181318.7 1.1267673330362211
235.0 5.0 0.19857845132484034 179775.03333333333 1.1568555182046718
235.0 5.0 0.29790777943636815 203955.86666666667 1.1781251458684152
235.0 5.0 0.5722783713774823 216149.63333333333 1.2296643633097604
235.0 5.0 0.31925950906049444 180509.7 1.127668776479187
235.0 5.0 0.3638903133023666 141607.33333333334 1.1519670064208583
235.0 5.0 0.27234279253250243 130548.2 1.1478707032806628
235.0 5.0 0.3575976371994685 206676.13333333333 1.1427008155595526
235.0 5.0 1.1475456946298848 145246.36666666667 1.1047766479448973
260.0 5.0 0.3721638850703664 185405.86666666667 1.1452619045948056
260.0 5.0 0.2797586302677774 207693.33333333334 1.1532341538119766
260.0 5.0 0.48698827687133656 233118.46666666667 1.1319316125855268
260.0 5.0 0.29917409092811725 196210.96666666667 1.1585754208482517
260.0 5.0 0.4027507093977992 230077.36666666667 1.1695645496286358
260.0 5.0 0.29011120259729456 238081.7 1.19194595697364
260.0 5.0 0.35561681511367593 272217.13333333336 1.2107210838247378
260.0 5.0 2.27448115876413 256152.06666666668 1.1410377326005354
260.0 5.0 0.5254021007323516 271514.6 1.2132650602568706
260.0 5.0 0.42744165066969375 267947.6666666667 1.2049879825601233
285.0 5.0 0.2504225183597689 292133.9666666667 1.1297089075052427
285.0 5.0 0.33673673362629514 345240.06666666665 1.2114579724498211
285.0 5.0 0.3500460971800514 326605.6 1.1761341958026812
285.0 5.0 0.5070853358143831 283101.23333333334 1.1487922038398144
285.0 5.0 0.22345931439942465 269488.36666666664 1.1407634012872274
285.0 5.0 0.2861570877030656 313005.5333333333 1.143483968520709
285.0 5.0 0.29551599562365616 273978.93333333335 1.1408707778332678
285.0 5.0 0.4682015496682901 314357.6 1.1744740055461036
285.0 5.0 0.2976312439703433 312849.2 1.14252576375819
285.0 5.0 0.5807783714650993 369818.0 1.2499623149129622
