50.0 1.0 0.29426717422345516 4011.366666666667 1.0870768439690357
50.0 1.0 0.48126034133547546 4138.3 1.13263778147397
50.0 1.0 0.39191513445361015 4042.6 1.1187588080255835
50.0 1.0 0.2650277934417645 3927.4666666666667 1.0828386509800092
50.0 1.0 0.22003128047984416 4315.033333333334 1.1696298468193613
50.0 1.0 0.3054592381201057 4151.333333333333 1.1185791282647664
50.0 1.0 0.21425629929265302 4272.0 1.1502426885365284
50.0 1.0 0.43033802422557343 3916.1 1.080460698650979
50.0 1.0 0.2590579042305744 4291.066666666667 1.1703563337467053
50.0 1.0 0.23558368657260403 4009.2 1.0842949440505005
50.0 2.0 0.6683058255663581 3861.9666666666667 1.1273512135697579
50.0 2.0 0.9144042604457432 4316.5 1.1192395267746866
50.0 2.0 0.3604221880122172 3838.233333333333 1.0952115844306525
50.0 2.0 0.22914154855026223 4251.6 1.1090443979509463
50.0 2.0 0.21612348104038068 4371.766666666666 1.0985681119816317
50.0 2.0 0.8821074354930271 4001.5 1.1328172800554235
50.0 2.0 0.5029914253060234 4664.8 1.1507609890564627
50.0 2.0 0.2380832990815636 4279.5 1.147547462894879
50.0 2.0 0.4402235063161472 4547.133333333333 1.1262974171190216
50.0 2.0 0.17894553424027462 4609.833333333333 1.1669352092577203
50.0 3.0 0.22538773249994096 4733.433333333333 1.1646223840291121
50.0 3.0 0.39064996337670993 4379.933333333333 1.1338451926121564
50.0 3.0 0.3081688764339745 3389.3 1.1510471341425839
50.0 3.0 0.2551396024323068 4129.666666666667 1.1305252588295622
50.0 3.0 0.47044717842957035 4306.7 1.1159162663402002
50.0 3.0 0.22140805788695034 4228.633333333333 1.1212532715721681
50.0 3.0 0.3232554760973599 4432.766666666666 1.1461392031469395
50.0 3.0 0.6060005579253162 4618.366666666667 1.1268452357649215
50.0 3.0 0.7100880608027512 4553.2 1.1517324756731537
50.0 3.0 2.1651515280202287 4188.466666666666 1.168223694337073
50.0 4.0 1.3535874392088851 3017.266666666667 1.146575501669856
50.0 4.0 0.5139557657437691 3756.5666666666666 1.1121712222743552
50.0 4.0 0.31967601992383177 4587.3 1.1690786019393429
50.0 4.0 0.2197373985363823 4099.7 1.200136805844885
50.0 4.0 0.2566934254897044 2981.9333333333334 1.19496106578195
50.0 4.0 0.3022269306311271 3562.3333333333335 1.1133104305757047
50.0 4.0 0.20702768712222316 2921.366666666667 1.1699871734490457
50.0 4.0 0.36151362584866503 4988.966666666666 1.1637496145188921
50.0 4.0 0.34688479465841104 4186.2 1.1177399238554708
50.0 4.0 0.46512264254857993 4122.633333333333 1.142953644259139
50.0 5.0 0.36532178052524633 5387.666666666667 1.1939788202280375
50.0 5.0 0.22748813928738526 5019.1 1.2195992877512476
50.0 5.0 1.023276126195515 3435.6 1.1509959309734419
50.0 5.0 0.3609394941867628 4075.9 1.1315175956903196
50.0 5.0 0.42982804288318327 4928.366666666667 1.1884894367610666
50.0 5.0 0.21183297507414708 3521.4666666666667 1.186629558806305
50.0 5.0 0.2665338849698435 5099.766666666666 1.2171192552642798
50.0 5.0 0.21574538962072395 4356.266666666666 1.1875491795321338
50.0 5.0 0.2898018932144485 3381.8333333333335 1.188505101379007
50.0 5.0 0.6198245035686568 4697.766666666666 1.1769951547279667
50.0 6.0 0.46814436076011406 5117.866666666667 1.1741415393794539
50.0 6.0 0.5682794313607658 5012.433333333333 1.1852698123496779
50.0 6.0 0.677252716654662 4648.633333333333 1.1664606835127216
50.0 6.0 0.5101571572541764 4699.366666666667 1.1790737671408644
50.0 6.0 4.344664364892264 4576.833333333333 1.1890914641853931
50.0 6.0 0.24963663724518853 4513.666666666667 1.1326737625729568
50.0 6.0 0.4963402672646149 5078.1 1.18331035730915
50.0 6.0 0.3002706318026069 4759.266666666666 1.1533137226348897
50.0 6.0 0.24617599153192712 4970.533333333334 1.1371092520525463
50.0 6.0 0.9416896688160075 5364.8 1.2580667219614414
50.0 7.0 0.4802555549006388 2542.8 1.228441521013256
50.0 7.0 1.6827016028023831 5080.433333333333 1.2034738353000536
50.0 7.0 0.8270910821843029 4909.7 1.1604191231967727
50.0 7.0 0.36360012376471135 5401.333333333333 1.182236617292651
50.0 7.0 0.8668492876877009 5137.366666666667 1.1978741255221272
50.0 7.0 7.475734091647289 4399.8 1.1774911420543015
50.0 7.0 0.3522345452446578 4333.066666666667 1.1145888340801233
50.0 7.0 4.705574140281011 3079.0666666666666 1.178964446256924
50.0 7.0 0.38162279736310656 5527.066666666667 1.2294705709920124
50.0 7.0 0.4081018040105303 5068.333333333333 1.204444928510259
50.0 8.0 5.347714553473224 5085.566666666667 1.1969341878628266
50.0 8.0 0.2058361661149398 3378.9333333333334 1.2167984766540214
50.0 8.0 0.6866752485462871 3379.3333333333335 1.1841784699538538
50.0 8.0 0.7555853915414481 3040.3 1.1926538420912174
50.0 8.0 0.28657229020368696 4136.7 1.1443519685195451
50.0 8.0 0.9755928083864891 3992.6 1.1374379801573071
50.0 8.0 0.2860324362813978 4064.9 1.1696729010170188
50.0 8.0 0.5240342089197152 3678.6666666666665 1.2374494509486733
50.0 8.0 0.4467397430468883 5139.466666666666 1.162106740118932
50.0 8.0 0.22979640883912766 3992.766666666667 1.1673096213459668
50.0 9.0 0.24117538615885872 5350.533333333334 1.1794378973296153
50.0 9.0 1.1231328885852256 3938.633333333333 1.1980754737709325
50.0 9.0 0.2732981420283712 4244.6 1.1769131620986322
50.0 9.0 0.18189249583565278 4299.0 1.2307389464081102
50.0 9.0 0.2032048750047066 5161.7 1.200302787079729
50.0 9.0 1.189804387563148 3631.4333333333334 1.277696214404162
50.0 9.0 8.701976029442646 4485.533333333334 1.1859193877897871
50.0 9.0 0.2907978849328899 5163.466666666666 1.192302099927239
50.0 9.0 3.2388389097151067 3523.5 1.163914024695581
50.0 9.0 2.502126778404042 5248.5 1.1841067892042365
50.0 10.0 0.5812482623744769 4958.733333333334 1.2381285173448346
50.0 10.0 0.3743259502827724 3747.8 1.2397750877848848
50.0 10.0 0.23372579515639866 4224.566666666667 1.2072487921603363
50.0 10.0 0.27784390588328395 4537.0 1.2126889667136114
50.0 10.0 0.6656504451260462 4307.9 1.1501198353556714
50.0 10.0 1.249574691009451 4387.466666666666 1.2148684283692632
50.0 10.0 0.35964412503913235 5329.533333333334 1.2159382609919527
50.0 10.0 0.42438985690756315 3902.0 1.2816177600624945
50.0 10.0 0.22562609874151862 3501.266666666667 1.2967601845092502
50.0 10.0 0.47248694067942665 4761.2 1.1826569824972852
50.0 11.0 0.3578918524162072 3972.4 1.1594953835701556
50.0 11.0 0.39260608660270174 4203.633333333333 1.1845454810284335
50.0 11.0 0.4650596288544276 4792.166666666667 1.1645120471539223
50.0 11.0 0.4690619040416051 3768.366666666667 1.1799961702929604
50.0 11.0 1.8462783384338715 5346.4 1.2495971806888597
50.0 11.0 3.784293007300414 4725.133333333333 1.1807694389546795
50.0 11.0 2.16139231996994 4191.5 1.1689104350390853
50.0 11.0 0.9114894797078309 4216.166666666667 1.187209823428386
50.0 11.0 0.5881402414094706 3338.5666666666666 1.180581166866528
50.0 11.0 0.313073231510948 4185.6 1.2059171244997773
50.0 12.0 0.25314473072350546 5407.8 1.190515582752553
50.0 12.0 0.38569476349301546 6126.866666666667 1.3137484216994442
50.0 12.0 0.3459405935813991 5183.566666666667 1.2391047614811115
50.0 12.0 0.5990562558778048 5264.133333333333 1.1763399176418452
50.0 12.0 2.7152995358693834 5241.533333333334 1.1962807475555985
50.0 12.0 0.3912289523296908 5391.066666666667 1.2174828055986784
50.0 12.0 0.287366666442605 4924.133333333333 1.1934742463230121
50.0 12.0 0.4842350929258071 4900.966666666666 1.16069414744287
50.0 12.0 0.3552244781124969 3743.266666666667 1.2051507051907258
50.0 12.0 0.29856505534947797 4591.866666666667 1.2137482822613734
50.0 13.0 0.7208308744412998 4490.2 1.1675252096720128
50.0 13.0 0.7123230957403753 4700.2 1.1529088876238462
50.0 13.0 0.2937889378459296 5006.1 1.2033732677566238
50.0 13.0 5.80514689022841 5212.9 1.2383342611110446
50.0 13.0 0.3538826781622227 6089.166666666667 1.2986825585419923
50.0 13.0 0.4322552553848881 4596.966666666666 1.1844254554944367
50.0 13.0 0.7001186133011845 4138.9 1.2164670329535796
50.0 13.0 0.29321364899455854 5351.6 1.2615792049875187
50.0 13.0 1.8371231461858712 4741.033333333334 1.1464825148705116
50.0 13.0 0.2945211761051577 6295.1 1.3297413917024299
50.0 14.0 0.6585865968496231 5260.333333333333 1.246611990516939
50.0 14.0 0.5029313572780663 3488.4 1.1742398094644837
50.0 14.0 0.5381545547566032 3790.766666666667 1.225075285194367
50.0 14.0 0.7750022227570904 3181.3333333333335 1.2520052443959993
50.0 14.0 0.2573263517761992 4653.8 1.168632143892824
50.0 14.0 0.3832057714189705 5177.266666666666 1.1763315830743768
50.0 14.0 0.9199759142879292 6181.533333333334 1.2983641593295663
50.0 14.0 0.980005636535209 4872.066666666667 1.216991318636089
50.0 14.0 1.3447803104925737 3550.233333333333 1.2041876116023567
50.0 14.0 0.372758303659019 3650.766666666667 1.2617981808550227
50.0 15.0 0.9314374242524097 5018.466666666666 1.1981992339255336
50.0 15.0 0.2107756782460775 4707.7 1.223407824766312
50.0 15.0 0.21659894124375229 4260.466666666666 1.2286246715658793
50.0 15.0 7.011691283982407 5062.066666666667 1.1768204910235092
50.0 15.0 0.7033818940291702 4620.2 1.1844918935230966
50.0 15.0 0.4086516778131451 3542.8 1.2147635290393135
50.0 15.0 0.36808591086524806 4972.133333333333 1.214541526881111
50.0 15.0 0.852500986930287 6656.333333333333 1.3448884906234784
50.0 15.0 0.23595863615954063 3583.5666666666666 1.2228245995233895
50.0 15.0 0.40787193671844263 3803.2 1.1924512840523296
50.0 16.0 0.4397209003007475 4919.266666666666 1.205424934094897
50.0 16.0 0.9725699700182242 4294.033333333334 1.2286797408828685
50.0 16.0 0.774265343303597 4461.633333333333 1.2176092075590421
50.0 16.0 0.4216381386564799 5091.466666666666 1.2129783797723201
50.0 16.0 0.5183313188040984 4066.1 1.2141280025541408
50.0 16.0 1.292512320779329 4399.166666666667 1.1839106983124814
50.0 16.0 0.31968824272468577 5113.666666666667 1.2190006039573111
50.0 16.0 0.5559948007206995 5288.166666666667 1.1881843374879923
50.0 16.0 0.4333316652538404 4908.566666666667 1.1884737644026566
50.0 16.0 0.31011515275534685 4755.7 1.2383611163446038
50.0 17.0 1.476475813051403 3864.5 1.2571725126128663
50.0 17.0 0.2515817851598322 5161.033333333334 1.1819589908690458
50.0 17.0 2.297540221260253 5499.7 1.2183911504343177
50.0 17.0 0.7267979442388655 4703.733333333334 1.2035348618979123
50.0 17.0 0.32279770364984817 4674.066666666667 1.209487346991567
50.0 17.0 0.3340310738378028 3899.5333333333333 1.3075950627953503
50.0 17.0 1.0186338067950194 4218.7 1.284523992425443
50.0 17.0 2.1768918262253556 5466.866666666667 1.2182461758729184
50.0 17.0 0.5946328266651871 5423.0 1.2191929366150929
50.0 17.0 0.4860462955906014 4709.766666666666 1.2220374301470895
50.0 18.0 0.5252316942511582 4969.966666666666 1.188138153249701
50.0 18.0 0.922470124738328 3420.7 1.243415887662184
50.0 18.0 0.32620378877536527 4806.3 1.260192108687671
50.0 18.0 0.4108859745323306 3750.766666666667 1.2168115707812552
50.0 18.0 0.41287930489058167 4956.4 1.3304784414826403
50.0 18.0 0.2230375215294048 3803.9 1.3025942608646697
50.0 18.0 0.9866763411036232 4435.633333333333 1.1980342758742293
50.0 18.0 1.9091232299201364 5564.166666666667 1.2606858607291194
50.0 18.0 0.6865476593514965 4297.766666666666 1.2439466905201995
50.0 18.0 1.1000081070773584 5360.3 1.2124855615886496
50.0 19.0 0.33127987154192573 4027.4333333333334 1.2793953495507886
50.0 19.0 0.5593216476522264 4087.233333333333 1.2016944433266006
50.0 19.0 0.33944089598946464 4671.133333333333 1.2366541806356226
50.0 19.0 0.3410909010752433 3580.6666666666665 1.2020803643280655
50.0 19.0 0.3029292058980164 5457.566666666667 1.2057201871315912
50.0 19.0 0.6167952000431605 4418.066666666667 1.1561952030313358
50.0 19.0 0.9790793459466134 4125.5 1.213135192722656
50.0 19.0 0.20280348507861623 3686.2 1.3433926774453486
50.0 19.0 0.3465617438408153 4647.133333333333 1.2293883902024436
50.0 19.0 0.5116191690157723 4007.4666666666667 1.172032970224244
50.0 20.0 0.42226233180758704 6306.7 1.335801665322115
50.0 20.0 1.5999747780234104 3642.3333333333335 1.1932271113563124
50.0 20.0 0.44169648196051176 4889.1 1.193982036428095
50.0 20.0 0.19758835956591392 3989.866666666667 1.3125120253276858
50.0 20.0 0.33426463592280214 4632.133333333333 1.2661655180003732
50.0 20.0 0.946979081878231 4393.066666666667 1.1867381201825682
50.0 20.0 0.45303211708333824 5447.8 1.1981605822997088
50.0 20.0 0.41471636192558997 3372.733333333333 1.224670987920664
50.0 20.0 0.32816459217872357 5380.3 1.192627988324213
50.0 20.0 1.2680874791805925 5660.5 1.2268123772988675
50.0 21.0 0.782648697037453 3884.866666666667 1.2655517773090683
50.0 21.0 0.4012027879518019 4911.4 1.237820683385707
50.0 21.0 0.8219663777903965 5128.433333333333 1.208325471339556
50.0 21.0 0.43647732289881064 5492.533333333334 1.2734110736545954
50.0 21.0 0.9132065707887935 5236.233333333334 1.227646097949924
50.0 21.0 0.8890399012394122 4152.666666666667 1.1911819137054793
50.0 21.0 0.2832649514095022 5057.5 1.1813673796767443
50.0 21.0 0.7945924023480072 3556.5333333333333 1.288069555767801
50.0 21.0 0.6261220995540921 5263.066666666667 1.2070803415495814
50.0 21.0 0.5249690365274154 5129.166666666667 1.2059280092208602
50.0 22.0 0.7475379500847695 4720.966666666666 1.211234500846075
50.0 22.0 0.37106108582461533 4724.1 1.194017141429694
50.0 22.0 1.118172450816099 6167.266666666666 1.3108426664373984
50.0 22.0 1.4048233610002188 3984.233333333333 1.2182450836412266
50.0 22.0 3.1256585660768716 5585.533333333334 1.239462334963438
50.0 22.0 2.1099089169196406 5304.8 1.2488021715866544
50.0 22.0 0.3656393177831491 3328.8333333333335 1.2510123797971096
50.0 22.0 4.094486553627222 5353.9 1.2056827908517023
50.0 22.0 0.7926287540363326 5630.0 1.2147583741742125
50.0 22.0 0.5352421524073382 4885.7 1.1924071320815055
50.0 23.0 4.558037937945599 4077.6 1.1661003265182772
50.0 23.0 0.2579123309045937 5939.566666666667 1.3366592781451199
50.0 23.0 0.3012697396032808 5028.7 1.2440807892355608
50.0 23.0 1.0816627057370785 4843.866666666667 1.308507694597788
50.0 23.0 0.5652573385468237 4309.766666666666 1.2584085946831134
50.0 23.0 1.1518004001694353 4713.733333333334 1.1623338428994936
50.0 23.0 0.3397330796854192 5301.133333333333 1.1923916694444907
50.0 23.0 5.655583446668079 3764.266666666667 1.2284378751777927
50.0 23.0 0.6675056059633327 5530.666666666667 1.272044900263363
50.0 23.0 2.587352749632181 4267.333333333333 1.290906223782399
50.0 24.0 0.44962570451264566 4832.466666666666 1.2664097251244513
50.0 24.0 0.45135513149210216 4530.3 1.1856736443789468
50.0 24.0 0.3574893403498685 4474.333333333333 1.2026781661743189
50.0 24.0 0.6861704198027839 4933.8 1.2513002514113254
50.0 24.0 0.5870894839824057 4699.9 1.2318302429957175
50.0 24.0 0.7898386021588402 3531.8 1.2071417483845541
50.0 24.0 0.4111022206729273 5170.833333333333 1.2288299528193327
50.0 24.0 0.3179369233593353 5075.466666666666 1.2937767804997933
50.0 24.0 0.5065967697539463 4754.966666666666 1.3469352884663326
50.0 24.0 0.2573914037144225 4693.933333333333 1.2493083254313027
50.0 25.0 0.29757641495586223 4779.166666666667 1.1855279785214061
50.0 25.0 1.3538808345239806 4989.866666666667 1.197047377102643
50.0 25.0 0.3674416775555368 3792.5666666666666 1.263247253511929
50.0 25.0 1.106507465785837 5504.033333333334 1.329603414419797
50.0 25.0 0.44917543676692634 5655.266666666666 1.222240536060192
50.0 25.0 0.8562457537821739 5757.466666666666 1.2421378605122262
50.0 25.0 2.8954032094447544 4591.233333333334 1.2413668039730779
50.0 25.0 0.8584187447819269 4612.233333333334 1.2067428924787778
50.0 25.0 0.36913279328065973 3858.9666666666667 1.2937308593459158
50.0 25.0 0.47211567750499306 3911.5333333333333 1.2218601173821824
50.0 26.0 0.3062002003331806 4331.433333333333 1.320489878399588
50.0 26.0 0.43146233317919963 5417.233333333334 1.22349128459421
50.0 26.0 0.8909103216465035 4936.733333333334 1.2067355700939655
50.0 26.0 0.6449945897102874 4653.366666666667 1.2803073015570974
50.0 26.0 0.4214589082967467 4078.266666666667 1.2244081641475653
50.0 26.0 0.29011805626951814 3492.5666666666666 1.2590773533077944
50.0 26.0 0.5531438816817081 4913.966666666666 1.1844273723384
50.0 26.0 0.35466007934400595 3443.0666666666666 1.2101967696184155
50.0 26.0 1.2887652514683696 4466.2 1.1944857078386377
50.0 26.0 0.30385193638063984 5345.4 1.2225203868338934
50.0 27.0 1.2467993259282266 5756.7 1.3009905134266537
50.0 27.0 0.7117223929196189 4703.7 1.2215241531430925
50.0 27.0 0.3948804788636326 4065.9666666666667 1.2139271280985897
50.0 27.0 0.4164747299946327 5173.566666666667 1.1902338173978564
50.0 27.0 0.5126350707306937 5399.4 1.2145424592908816
50.0 27.0 0.32713143622629864 5051.566666666667 1.229850286747407
50.0 27.0 0.2977803778340563 5323.9 1.246541286238718
50.0 27.0 0.5610813182118849 5289.3 1.2211389481347132
50.0 27.0 0.4981177596279059 4783.2 1.2506999607590024
50.0 27.0 0.6845382383977198 5518.1 1.2340410221832978
50.0 28.0 0.5056078183221708 5489.0 1.2091548971409873
50.0 28.0 0.9238205181819915 5526.6 1.2562911748860333
50.0 28.0 0.9502871658742613 5381.066666666667 1.238933126435982
50.0 28.0 0.6977994192001424 5593.5 1.2355575770166316
50.0 28.0 2.8804928084158505 5850.166666666667 1.309269632716847
50.0 28.0 1.2383220518862303 4240.4 1.1882972420244593
50.0 28.0 0.6477325510156048 5234.333333333333 1.2130296939648069
50.0 28.0 0.5935861850877936 5322.066666666667 1.2589995556168039
50.0 28.0 0.38572327044052174 6540.4 1.3368600922645812
50.0 28.0 1.8598017030354286 4897.133333333333 1.2184709420877853
50.0 29.0 13.293744566282582 3669.366666666667 1.2411242692742308
50.0 29.0 0.3439545211218781 4282.966666666666 1.237303344816115
50.0 29.0 0.7064371983410972 5809.066666666667 1.2255221342969738
50.0 29.0 0.7920584701293237 4984.533333333334 1.1995522054649375
50.0 29.0 0.27888945317211883 3158.266666666667 1.229948362822431
50.0 29.0 0.26202541391717177 5148.633333333333 1.2551266376064263
50.0 29.0 0.9962045113751192 6016.233333333334 1.3204715784725147
50.0 29.0 0.421103128776079 5652.133333333333 1.244942669662746
50.0 29.0 0.1528946994226528 4568.933333333333 1.3401631450578313
50.0 29.0 2.446463836816467 5467.866666666667 1.2260049602732332
50.0 30.0 0.8813708014336866 5450.366666666667 1.2378809324594122
50.0 30.0 0.9043857018912609 4497.766666666666 1.217387591247659
50.0 30.0 0.30562831921838435 4756.033333333334 1.3073553436211118
50.0 30.0 0.9199198698036954 6283.733333333334 1.2959807953777984
50.0 30.0 2.9260309258179413 4852.2 1.2140176698093712
50.0 30.0 0.37659611121330977 5073.466666666666 1.1920304414924752
50.0 30.0 0.7088432570779513 4927.266666666666 1.218520090522442
50.0 30.0 0.4631266437591727 4805.5 1.2196641736875717
50.0 30.0 0.5990810033077181 5114.4 1.2220896032392983
50.0 30.0 0.7875457037624386 4151.633333333333 1.1868693468325187
