50.0 1.0 9.575513974090198e-16 -1.0 0.0
50.0 1.0 6.10990154273701e-16 -1.0 0.0
50.0 1.0 4.2984161074497145e-16 -1.0 0.0
50.0 1.0 5.50033108535314e-16 -1.0 0.0
50.0 1.0 8.25464422780356e-16 -1.0 0.0
50.0 1.0 1.146308108703029e-15 -1.0 0.0
50.0 1.0 1.2217263740618978e-15 -1.0 0.0
50.0 1.0 1.1918635973285239e-15 -1.0 0.0
50.0 1.0 8.020418615362033e-16 -1.0 0.0
50.0 1.0 7.591163583301346e-16 -1.0 0.0
50.0 2.0 6.422898449036586e-16 -1.0 0.0
50.0 2.0 3.6261770838039903e-16 -1.0 0.0
50.0 2.0 3.4270457905086986e-16 -1.0 0.0
50.0 2.0 7.63451328756102e-16 -1.0 0.0
50.0 2.0 9.667703445158264e-16 -1.0 0.0
50.0 2.0 4.708964617235672e-16 -1.0 0.0
50.0 2.0 8.560101955911785e-16 -1.0 0.0
50.0 2.0 7.118074841865827e-16 -1.0 0.0
50.0 2.0 1.2489771923855836e-15 -1.0 0.0
50.0 2.0 4.873353497548252e-16 -1.0 0.0
50.0 3.0 1.1668863123792001e-15 -1.0 0.0
50.0 3.0 5.195546342948811e-16 -1.0 0.0
50.0 3.0 4.347614705956217e-16 -1.0 0.0
50.0 3.0 6.99215721519712e-16 -1.0 0.0
50.0 3.0 1.1932273707382154e-15 -1.0 0.0
50.0 3.0 7.196909010440073e-16 -1.0 0.0
50.0 3.0 3.3388022582710895e-16 -1.0 0.0
50.0 3.0 6.66747207011302e-16 -1.0 0.0
50.0 3.0 3.8826667530911816e-16 -1.0 0.0
50.0 3.0 1.2926367014690101e-15 -1.0 0.0
50.0 4.0 4.689034676469405e-16 -1.0 0.0
50.0 4.0 4.4053935447124225e-14 -1.0 0.0
50.0 4.0 1.0999353246963865e-15 -1.0 0.0
50.0 4.0 2.6119433018252693e-15 -1.0 0.0
50.0 4.0 5.468075799758143e-16 -1.0 0.0
50.0 4.0 1.6915389030308465e-15 -1.0 0.0
50.0 4.0 5.064186358865188e-16 -1.0 0.0
50.0 4.0 7.178040467498727e-16 -1.0 0.0
50.0 4.0 5.853728995235323e-16 -1.0 0.0
50.0 4.0 4.780528162836341e-16 -1.0 0.0
50.0 5.0 4.753035907245652e-16 -1.0 0.0
50.0 5.0 7.388416057348309e-16 -1.0 0.0
50.0 5.0 1.1044091268672863e-15 -1.0 0.0
50.0 5.0 4.055267407705461e-16 -1.0 0.0
50.0 5.0 8.1842181988310685e-16 -1.0 0.0
50.0 5.0 6.044293736904563e-16 -1.0 0.0
50.0 5.0 5.718076358802369e-16 -1.0 0.0
50.0 5.0 1.133011291813804e-15 -1.0 0.0
50.0 5.0 5.32433911235743e-16 -1.0 0.0
50.0 5.0 7.363008099110927e-16 -1.0 0.0
