10.0 5.0 0.2910286534739898 66.93333333333334 1.1483855055635153
10.0 5.0 0.28750960849500057 65.56666666666666 1.2033871702771735
10.0 5.0 0.20775586909481097 74.8 1.3119434600098427
10.0 5.0 0.1356825874669637 80.36666666666666 1.310540816092433
10.0 5.0 0.13720686784583036 57.333333333333336 1.1791048528135717
10.0 5.0 0.30796649048520147 79.26666666666667 1.2238517713521129
10.0 5.0 0.19357195133867494 73.2 1.2903251721543472
10.0 5.0 0.29462817908153777 91.56666666666666 1.3972473511321308
10.0 5.0 0.14449611179630176 59.03333333333333 1.2054793806570274
10.0 5.0 0.22937571994667819 83.0 1.3888858079806168
35.0 5.0 0.3515798254976174 1897.1666666666667 1.18311952872526
35.0 5.0 1.1852816724418485 2040.4666666666667 1.1840948068545356
35.0 5.0 0.2215196794343966 1489.7 1.2283466906054732
35.0 5.0 0.8024739163098896 2053.366666666667 1.1630409496149379
35.0 5.0 0.6739258402877133 1656.6666666666667 1.187038020707855
35.0 5.0 0.5163650202203924 1968.2333333333333 1.1408672898187595
35.0 5.0 0.5983946108437821 1848.9 1.135042703459572
35.0 5.0 0.5873458852024988 1948.7666666666667 1.124930050494867
35.0 5.0 0.21761036027172148 2197.9666666666667 1.1490194703104433
35.0 5.0 0.19937159965441167 1956.7666666666667 1.1588745001827292
60.0 5.0 0.27715533911290197 6391.0 1.1714645741636573
60.0 5.0 1.255543377279458 7963.666666666667 1.1628241268662711
60.0 5.0 0.4259274857311881 6295.4 1.1348786170709007
60.0 5.0 0.27155364294766676 7580.633333333333 1.1464769227693596
60.0 5.0 0.176896597871866 6224.2 1.1452163320323236
60.0 5.0 0.39330921831756777 6374.133333333333 1.161747969298804
60.0 5.0 0.2562640295548367 5261.966666666666 1.1176914821336503
60.0 5.0 0.23146580411754517 7276.4 1.1845928800391456
60.0 5.0 0.2420530868698931 6223.7 1.1607209581995805
60.0 5.0 0.2644112930938783 7751.066666666667 1.1778461553876705
85.0 5.0 0.23885881242088816 14035.5 1.143427141885303
85.0 5.0 0.2668502739669309 12702.133333333333 1.1616073607626238
85.0 5.0 0.2658897298359776 14400.333333333334 1.1404281419346673
85.0 5.0 0.47220913153904404 16896.4 1.1354674366496345
85.0 5.0 0.4706382842889221 18220.266666666666 1.1539190402390676
85.0 5.0 0.3768743497041436 15862.766666666666 1.1248224992303482
85.0 5.0 0.23218546557171169 17704.066666666666 1.1563814336330829
85.0 5.0 1.0614368160166083 13349.733333333334 1.1539042258032144
85.0 5.0 0.3000794042110955 12634.8 1.1357966733229685
85.0 5.0 0.19441420095108566 13253.233333333334 1.140646145701654
110.0 5.0 0.27399922982010494 27646.1 1.1446175634090707
110.0 5.0 0.3807332522611626 31310.433333333334 1.128293922291754
110.0 5.0 0.32708328220960264 24384.733333333334 1.1528818028139858
110.0 5.0 0.5130459218524276 32576.266666666666 1.1540749289892878
110.0 5.0 2.860378295980553 31884.133333333335 1.1357610302131453
110.0 5.0 3.262065756581719 26472.766666666666 1.1220666291768575
110.0 5.0 0.25324433233946186 29229.9 1.173915637764833
110.0 5.0 0.46691120780402884 32130.6 1.142949711759582
110.0 5.0 0.30357862940655084 22026.1 1.1124595127637293
110.0 5.0 1.2331445047937843 24396.4 1.123096495664168
135.0 5.0 0.42658676539772356 37967.166666666664 1.1209682485845192
135.0 5.0 0.3746444148453008 43313.666666666664 1.1153323208308918
135.0 5.0 0.2547849762921228 52715.4 1.1527777998931266
135.0 5.0 0.7196549120088672 54273.46666666667 1.1441126272950084
135.0 5.0 0.27521614179917275 38043.833333333336 1.1409687463501765
135.0 5.0 0.38079446782354914 52509.63333333333 1.147263616479069
135.0 5.0 0.44145519983005427 51914.166666666664 1.158660955251734
135.0 5.0 0.36028603208751325 41655.433333333334 1.1219985480229444
135.0 5.0 0.3765760193745684 45255.5 1.128323731664336
135.0 5.0 0.32515620996172845 55576.6 1.1436629511592225
160.0 5.0 0.40673353726819533 60715.4 1.1316955323951183
160.0 5.0 0.4759869652216057 69291.3 1.1280824883601135
160.0 5.0 0.2589201603562766 57326.2 1.1124704808721189
160.0 5.0 0.3380619431953394 78532.5 1.142012682250497
160.0 5.0 1.3402226363045058 71116.86666666667 1.1362714712432862
160.0 5.0 0.3460871744698614 72942.96666666666 1.136416988779645
160.0 5.0 0.3208592138292114 52512.23333333333 1.124147949041377
160.0 5.0 1.8652747854021898 57144.333333333336 1.1091415715416408
160.0 5.0 0.46700270339428224 77807.5 1.1490878583402337
160.0 5.0 0.4071817136955157 71985.36666666667 1.137030435474389
185.0 5.0 0.9977680699034902 97471.13333333333 1.1236953525111113
185.0 5.0 0.20957691538742818 86029.5 1.1332423295254732
185.0 5.0 0.4506678212983747 116823.93333333333 1.1525305635221126
185.0 5.0 0.41440897399715415 112777.4 1.1359093973029435
185.0 5.0 0.3355623134479667 91167.26666666666 1.1255935056657422
185.0 5.0 0.4961831904711316 120093.86666666667 1.1567692456097072
185.0 5.0 0.25056818924579 71305.33333333333 1.1353865312152647
185.0 5.0 0.4898005205433373 103646.7 1.14616018400624
185.0 5.0 0.3736804295055095 103681.76666666666 1.1378001688612502
185.0 5.0 0.32786794093802313 114402.7 1.146856607294066
210.0 5.0 0.2946316058016635 151900.9 1.14662701656539
210.0 5.0 0.6669907388285419 122002.7 1.1217078154860767
210.0 5.0 0.29189477041699696 152123.16666666666 1.1498634367850586
210.0 5.0 141.7809075316872 123942.03333333334 1.1360184344948114
210.0 5.0 0.23914852208637935 121482.63333333333 1.127397359865781
210.0 5.0 0.7584317922724509 114710.16666666667 1.1161556416995444
210.0 5.0 0.5326028334567513 133024.53333333333 1.1166519366194207
210.0 5.0 0.39166962303550434 113806.06666666667 1.1428598053859937
210.0 5.0 3.531125438260289 158826.06666666668 1.1483258178665736
210.0 5.0 4.857035513063531 113703.2 1.1559973613354113
235.0 5.0 0.2816366635514725 138909.73333333334 1.11285084918728
235.0 5.0 0.2785989608053337 155667.4 1.128079168226147
235.0 5.0 0.3893554450449013 191963.03333333333 1.1337839077225198
235.0 5.0 5.2378012515481105 195582.96666666667 1.144564769528538
235.0 5.0 0.37619905894266387 170744.93333333332 1.125892720632767
235.0 5.0 1.4254827882971988 163753.8 1.123417392893719
235.0 5.0 0.29107653502069814 150478.46666666667 1.1173282570446892
235.0 5.0 0.3339342830193897 150200.9 1.1179762253302068
235.0 5.0 0.40122091225908246 195395.1 1.1417343802227429
235.0 5.0 0.2002925024342508 135340.0 1.1251680235075165
260.0 5.0 0.4156004030620131 220263.73333333334 1.1204733669321587
260.0 5.0 0.3244813475380567 248272.16666666666 1.1376752664862508
260.0 5.0 0.5302442267971472 256088.83333333334 1.1411723209483922
260.0 5.0 0.2661832648306807 240528.23333333334 1.1352334427679642
260.0 5.0 1.1983823837263967 226144.1 1.119374777307507
260.0 5.0 0.707984486212581 203312.56666666668 1.1291547209990318
260.0 5.0 0.4807083338014072 205819.23333333334 1.116543645782365
260.0 5.0 0.37996096448745853 218527.56666666668 1.1339331705298485
260.0 5.0 0.4146257446305354 231787.13333333333 1.1368479832728786
260.0 5.0 0.6104553563141609 232408.16666666666 1.1384400656272347
285.0 5.0 0.3590286871796552 264528.36666666664 1.124944105242514
285.0 5.0 4.198346079494111 269179.7 1.1217793943471304
285.0 5.0 0.7067808687494022 266240.23333333334 1.1236329754805856
285.0 5.0 0.5981492828737698 311762.76666666666 1.1421237973984824
285.0 5.0 1.15369526942386 311008.2 1.1401833822007998
285.0 5.0 1.7675416415729994 284117.5333333333 1.121101396221547
285.0 5.0 0.4961014906250197 287200.4 1.128812827803649
285.0 5.0 0.38300856542058004 233909.36666666667 1.1174666102078379
285.0 5.0 0.659908098727153 321101.13333333336 1.147160561721239
285.0 5.0 0.35838247875383733 307576.8333333333 1.1414792265443594
