50.0 1.0 0.3365850793918953 4096.766666666666 1.0979998382376082
50.0 1.0 1.1120412343207915 4059.7 1.1108439349981407
50.0 1.0 0.2939684045568927 4143.333333333333 1.1316970065249936
50.0 1.0 0.15671760717505748 4303.733333333334 1.1984182145913707
50.0 1.0 1.7141973197999343 4195.766666666666 1.1420350916538335
50.0 1.0 0.5063501625888305 4086.133333333333 1.0949207216224934
50.0 1.0 0.2416373081965793 4237.3 1.106819531880537
50.0 1.0 0.22579298510110482 3968.6 1.086085628095183
50.0 1.0 0.5531194185279492 4089.0 1.112487082613627
50.0 1.0 0.3112183408288568 4250.033333333334 1.1665270387568223
50.0 2.0 0.24454175706887302 3818.2 1.1364306831538793
50.0 2.0 0.23839160193274514 4288.0 1.0889774477790408
50.0 2.0 1.9753378002727027 3912.633333333333 1.112967231607009
50.0 2.0 0.2025822854492803 4054.5 1.1079808666004605
50.0 2.0 0.24010379803330048 4191.9 1.1352146148732343
50.0 2.0 0.19023559628940415 4104.733333333334 1.1379518703339007
50.0 2.0 0.14657002787919385 4055.866666666667 1.1881213521611005
50.0 2.0 1.2782162437799824 3729.1 1.086246780411762
50.0 2.0 0.2888269857611866 4041.8 1.1078028391675419
50.0 2.0 0.2540882276212101 4175.533333333334 1.202428815214067
50.0 3.0 0.4722001811679874 3368.6 1.1028027960072457
50.0 3.0 0.2634325347611765 3762.733333333333 1.1086896117189746
50.0 3.0 2.468007621270387 4893.433333333333 1.1630251718928106
50.0 3.0 0.32393976105681704 4505.833333333333 1.1562140147318327
50.0 3.0 0.24299297174726092 4564.433333333333 1.1515810379169815
50.0 3.0 0.9036622159865618 4327.933333333333 1.1849884181603125
50.0 3.0 0.30746499040256287 5073.233333333334 1.1681369531227135
50.0 3.0 0.3875720719463633 4831.1 1.152909056129417
50.0 3.0 0.22788937500522188 3210.1 1.1277654142734643
50.0 3.0 0.35186216515540925 3829.1666666666665 1.140809622842827
50.0 4.0 0.2575087388388692 4100.033333333334 1.1436335172100793
50.0 4.0 0.44408008308425195 4406.933333333333 1.110051283688991
50.0 4.0 0.2900890973995142 4656.9 1.175452429480018
50.0 4.0 0.21081594267286785 4267.466666666666 1.150249256877552
50.0 4.0 0.5401697312058286 3510.4666666666667 1.1893242247147608
50.0 4.0 1.0288075384593298 3291.133333333333 1.1269511279694007
50.0 4.0 0.21794461037759083 4470.866666666667 1.2007747838370273
50.0 4.0 0.46645636515040045 4242.2 1.1441230659058241
50.0 4.0 0.8420439767976953 3729.233333333333 1.1206481276633964
50.0 4.0 0.34764281779562484 4878.233333333334 1.1554375824671526
50.0 5.0 0.48479484557697466 3637.1 1.1333923100675247
50.0 5.0 0.7083922330515048 3189.133333333333 1.181193348074738
50.0 5.0 0.8311597085618008 3624.866666666667 1.1395634733357203
50.0 5.0 0.2537291023430492 4973.9 1.2105914146502206
50.0 5.0 0.4759876433336675 4079.233333333333 1.1263691510377456
50.0 5.0 0.3726314920082728 4686.4 1.1351012367426636
50.0 5.0 0.3247075037354343 5115.066666666667 1.209900542856725
50.0 5.0 0.2784300166992958 4877.666666666667 1.1554286490307788
50.0 5.0 0.537308860291743 5123.966666666666 1.161557014220182
50.0 5.0 1.0963814220059613 4879.433333333333 1.169039052419659
50.0 6.0 0.35859027452204156 3439.9666666666667 1.2132648262241452
50.0 6.0 1.5039009648847386 4277.3 1.1656127000243555
50.0 6.0 0.24201900625032788 4651.166666666667 1.159734729631623
50.0 6.0 0.1698277612445112 4242.433333333333 1.1137415657845031
50.0 6.0 0.23999760200300382 5096.833333333333 1.1509025603035554
50.0 6.0 0.24641259651866323 3608.5333333333333 1.1887134434007811
50.0 6.0 0.18621019267811262 3574.733333333333 1.1876945734637716
50.0 6.0 0.6756468233840703 4900.3 1.1442498346793648
50.0 6.0 0.34040219490434104 3621.733333333333 1.2424434974853538
50.0 6.0 0.29717670475134716 5029.833333333333 1.1793119128878002
50.0 7.0 0.3533878050904274 4829.233333333334 1.1501429150102433
50.0 7.0 0.4475998613531952 4562.933333333333 1.159424315219385
50.0 7.0 3.65983467822101 4216.366666666667 1.1356320389345167
50.0 7.0 0.4069536676623986 4058.633333333333 1.1900627186822197
50.0 7.0 0.19473622332528348 3805.9666666666667 1.1386229480643792
50.0 7.0 0.36611408035604864 5204.866666666667 1.2023387809573107
50.0 7.0 0.6302572036758992 4223.433333333333 1.1380418836366877
50.0 7.0 0.19926325836403477 4979.466666666666 1.1548776148634645
50.0 7.0 0.37864108031173277 4782.266666666666 1.154213712611028
50.0 7.0 24.26954790499178 3249.9 1.2182550972823873
50.0 8.0 0.3714332366029777 4424.3 1.1549054978027133
50.0 8.0 0.3670368339902352 4896.233333333334 1.1491843008417553
50.0 8.0 0.3057557351122251 3714.866666666667 1.1526995284117727
50.0 8.0 0.28540393478334153 4968.333333333333 1.2106157844560395
50.0 8.0 1.538781730220602 4348.3 1.1486300245575738
50.0 8.0 0.6809443147882298 3848.8 1.1479194155919143
50.0 8.0 0.344612822680236 3845.633333333333 1.2077655134798138
50.0 8.0 0.4986795926725093 5007.733333333334 1.1994399276136394
50.0 8.0 2.425348666890305 5102.9 1.1658429091014801
50.0 8.0 0.42959754217406315 3198.5 1.1636406376109663
50.0 9.0 39.1699713513464 5448.7 1.2185921468656233
50.0 9.0 0.9164729683624047 4255.766666666666 1.1498209391806749
50.0 9.0 0.2943655600256689 4409.733333333334 1.1873687541746256
50.0 9.0 0.561792160891838 4999.433333333333 1.1841729389319045
50.0 9.0 0.19189831122709783 3717.6666666666665 1.1951923016506953
50.0 9.0 0.6023882224440177 3949.5666666666666 1.242294919056445
50.0 9.0 0.31755131055247915 5041.4 1.165956725834979
50.0 9.0 0.22193780697137733 4636.433333333333 1.145146052756203
50.0 9.0 0.4819344361575941 4574.266666666666 1.173372839577638
50.0 9.0 0.44590954647276515 5249.9 1.229184768313492
50.0 10.0 0.38610228970150545 4357.6 1.1591766663860839
50.0 10.0 0.32856021591775003 4259.6 1.2012089402716832
50.0 10.0 0.49926084439357915 3632.5666666666666 1.1895104727472716
50.0 10.0 0.5117435581188542 3389.7 1.1827519761780472
50.0 10.0 0.30620517148096377 3835.5 1.2154726479316549
50.0 10.0 0.18834786307101234 3802.633333333333 1.2025521310983327
50.0 10.0 0.23540327663135868 4767.466666666666 1.13152498577803
50.0 10.0 0.6961285204289946 3687.9333333333334 1.171015829397164
50.0 10.0 1.050155352174404 3743.4 1.1597219956770837
50.0 10.0 0.6044367268152543 4745.233333333334 1.1455297659196262
50.0 11.0 0.5817028126013359 5214.0 1.1742363981795034
50.0 11.0 1.5468770706913268 4466.333333333333 1.1783213516144222
50.0 11.0 0.3817654522412552 4942.233333333334 1.1664902596886217
50.0 11.0 0.5415525165232521 3891.3333333333335 1.2279129239306592
50.0 11.0 0.37331919953048137 3779.0 1.175815915073706
50.0 11.0 0.4133691149996661 5149.233333333334 1.1748337792532866
50.0 11.0 2.7132424706758727 4748.833333333333 1.1620964520945691
50.0 11.0 0.37638569205630323 5249.9 1.1675932796986361
50.0 11.0 0.4938321108540585 4265.0 1.2010074681310263
50.0 11.0 0.522771243681867 5199.266666666666 1.1789912114774526
50.0 12.0 0.3770911761571816 5582.2 1.1831691542245621
50.0 12.0 0.3477319560612363 3623.8 1.280414622007055
50.0 12.0 0.3428778955008951 4172.766666666666 1.166063669313162
50.0 12.0 0.34944008724213055 4770.633333333333 1.1548746574986568
50.0 12.0 0.4313009014266126 4906.366666666667 1.1678971275379695
50.0 12.0 0.4013651892528905 3879.5 1.207951243544027
50.0 12.0 5.691471849548001 2939.366666666667 1.2547143559500697
50.0 12.0 0.8740041448344577 4389.8 1.1643584347799076
50.0 12.0 1.7072367902987522 5004.966666666666 1.192311450466419
50.0 12.0 0.3083483347416047 5045.166666666667 1.1930334235623044
50.0 13.0 0.4688650573679442 4790.733333333334 1.1670372282546495
50.0 13.0 1.0138425722174829 5423.9 1.1925663421612165
50.0 13.0 0.37996409727734154 4833.066666666667 1.250347455545341
50.0 13.0 0.33209424427560663 4319.966666666666 1.1644097957853623
50.0 13.0 0.50028391297796 4662.533333333334 1.2151812927970305
50.0 13.0 0.2595806566660087 5384.0 1.194614690673479
50.0 13.0 0.27598252546347257 3924.3 1.3261633258765784
50.0 13.0 0.7600577417392481 3804.6666666666665 1.1640289904656065
50.0 13.0 0.32975557526336907 5479.3 1.187198017125683
50.0 13.0 0.4605484581565167 4171.0 1.2105115061314113
50.0 14.0 4.422232516351982 4549.0 1.1740675778457828
50.0 14.0 0.7083036123189065 5100.4 1.2309104363682508
50.0 14.0 0.2264786723317723 4746.433333333333 1.2003294698370945
50.0 14.0 0.6196373369538133 3663.6 1.255317612270128
50.0 14.0 0.24741421920510295 5371.066666666667 1.2005273416937852
50.0 14.0 0.45029235271666124 4809.766666666666 1.1803945163210576
50.0 14.0 0.5006014264660182 4829.566666666667 1.1987568713330008
50.0 14.0 0.8954730997643504 3933.7 1.2688019825695418
50.0 14.0 0.5720815213956946 4405.9 1.2327270096459415
50.0 14.0 0.3738316716872442 4737.8 1.1795456068414343
50.0 15.0 0.41317004149785425 4379.333333333333 1.3146486604806988
50.0 15.0 0.7482972138488069 5219.3 1.2241964558484584
50.0 15.0 0.4490124391103472 4923.7 1.2059996013184835
50.0 15.0 7.469249554236799 4687.5 1.1663539394150537
50.0 15.0 0.23899064815439425 4838.8 1.1813941531340528
50.0 15.0 0.9090901450461765 5403.4 1.2014670666520817
50.0 15.0 0.3778706725083661 4182.833333333333 1.2247835993063103
50.0 15.0 1.2583929181802744 5120.066666666667 1.1480012503151047
50.0 15.0 0.27020687798031917 4283.833333333333 1.1936073873882083
50.0 15.0 1.187215811684682 4251.6 1.1875486430184514
50.0 16.0 0.22833999889411183 5289.233333333334 1.2254255058362375
50.0 16.0 0.27617080967249663 5299.966666666666 1.2304658366967574
50.0 16.0 0.7337884631217458 4800.533333333334 1.1950122936892384
50.0 16.0 0.532438914702787 3649.2 1.240900865659822
50.0 16.0 1.9212625606769214 4861.133333333333 1.2077380445774237
50.0 16.0 0.5037015116598519 5393.2 1.1948538227494523
50.0 16.0 0.6414465255683274 5020.033333333334 1.2323365807179407
50.0 16.0 0.7121301390780989 3880.8333333333335 1.2802765032636871
50.0 16.0 0.5494786057933215 3632.366666666667 1.2185043935907418
50.0 16.0 0.3066146537281967 4719.833333333333 1.2528969691889265
50.0 17.0 1.392012783122687 5248.466666666666 1.2172244558054168
50.0 17.0 0.8097168669340604 4022.1 1.1879341643139651
50.0 17.0 0.43547017425674156 4743.8 1.177868822954808
50.0 17.0 0.35582940541918123 5546.8 1.2526447807863421
50.0 17.0 0.35489933937682905 4883.033333333334 1.178198477827561
50.0 17.0 0.2823014409755823 4264.233333333334 1.1784710359080752
50.0 17.0 0.5824393689190439 4677.333333333333 1.1814133283710828
50.0 17.0 0.9945084016123512 4491.666666666667 1.3207213695184161
50.0 17.0 0.5302537960490642 5313.8 1.1889600003755947
50.0 17.0 0.48865374459784017 5658.0 1.2250829596097967
50.0 18.0 0.7314387785807254 4463.266666666666 1.17925191349368
50.0 18.0 0.2998940104280761 3913.6666666666665 1.1871957312219188
50.0 18.0 0.3163590037716244 4468.433333333333 1.1642371903424937
50.0 18.0 1.4017290976834544 5554.5 1.2064547788108198
50.0 18.0 0.3992128516521329 4406.2 1.2618604396598718
50.0 18.0 0.8603866298516115 4258.266666666666 1.2121029971087924
50.0 18.0 0.3950672837611976 5370.066666666667 1.191966029796361
50.0 18.0 1.5251133444254448 5536.733333333334 1.209450442144098
50.0 18.0 0.26309697018249245 5624.666666666667 1.2281596553890737
50.0 18.0 0.6449401652950459 3858.2 1.265743932281438
50.0 19.0 0.9202286145475177 4740.533333333334 1.2200668385835403
50.0 19.0 0.47490191782633073 4319.0 1.2049518825357561
50.0 19.0 0.23101732685226384 4053.4666666666667 1.2408160389204022
50.0 19.0 0.3703041723680632 4085.1 1.2066867562869712
50.0 19.0 0.4066748850147905 5451.133333333333 1.2345513698555501
50.0 19.0 0.2900645745554272 4229.566666666667 1.1522357166829318
50.0 19.0 1.2112293698381 5864.533333333334 1.2342952198928654
50.0 19.0 0.46721469967553675 4007.9333333333334 1.235946942434738
50.0 19.0 0.4779316103399386 4466.233333333334 1.1608886192303223
50.0 19.0 0.44825156860939036 5221.966666666666 1.205797079183833
50.0 20.0 1.2134393024912637 4436.733333333334 1.228127456388943
50.0 20.0 0.3832219653703771 4363.733333333334 1.2156381273943835
50.0 20.0 0.7662385542396848 4374.933333333333 1.2066881937861207
50.0 20.0 0.6002942639359823 3419.9666666666667 1.248684436219614
50.0 20.0 0.5787966593461885 5052.3 1.1957332866438155
50.0 20.0 0.6745326222636777 4291.7 1.3042366693367036
50.0 20.0 0.3947479839957054 4766.8 1.1650872612097618
50.0 20.0 1.8980508387667918 3284.2 1.3207400179413462
50.0 20.0 1.0157848962712104 4974.733333333334 1.2060554971842226
50.0 20.0 0.2539246803843163 5130.933333333333 1.2333097251629246
50.0 21.0 0.89113348081408 4474.7 1.3326880582862246
50.0 21.0 0.6793064928099256 4298.966666666666 1.2715993637411387
50.0 21.0 0.34329165060507993 5153.266666666666 1.2595582699762242
50.0 21.0 0.9833530272954744 5895.766666666666 1.260017759113069
50.0 21.0 2.7876479224921624 5586.8 1.2424408126700344
50.0 21.0 0.41554627367659674 5145.7 1.2091022636942854
50.0 21.0 0.5648187161257516 5425.4 1.2409713364441017
50.0 21.0 0.46182930469132627 4384.833333333333 1.21910428404383
50.0 21.0 0.8346436282148312 4941.9 1.2178028095186706
50.0 21.0 0.40611843971749817 5466.2 1.2178225111048475
50.0 22.0 0.28794453409875115 3134.233333333333 1.3204659375901886
50.0 22.0 0.40858371458374615 3908.6666666666665 1.1937990062028028
50.0 22.0 4.709913052258087 4818.733333333334 1.1733337007151823
50.0 22.0 0.2734888103709268 5900.333333333333 1.2561012642507559
50.0 22.0 1.0229959319335422 4334.4 1.2164948853145339
50.0 22.0 2.859073970143384 4721.733333333334 1.2002171770945733
50.0 22.0 0.5471673054663455 4479.666666666667 1.2270290840967708
50.0 22.0 1.217561643491627 4192.5 1.300404105382546
50.0 22.0 0.35739253483347105 3961.0333333333333 1.2260916922431695
50.0 22.0 0.6486160692017702 4685.933333333333 1.2131078707253071
50.0 23.0 0.735034184504712 5697.933333333333 1.2877400856182855
50.0 23.0 0.6382962366450525 4722.666666666667 1.2183906945402
50.0 23.0 1.1628039241711388 5099.133333333333 1.203836844466342
50.0 23.0 0.8420498385052256 3818.9 1.2436329159034696
50.0 23.0 0.6992987309270257 5752.466666666666 1.2493613343806764
50.0 23.0 0.20165441982517385 3858.1666666666665 1.3897649286076021
50.0 23.0 0.5089126416860671 3729.8 1.1784295917511012
50.0 23.0 0.6353755136275206 4579.366666666667 1.3664407243844243
50.0 23.0 0.3602351375407965 4744.433333333333 1.198148929128256
50.0 23.0 0.5853803613428137 5937.4 1.2572703954496618
50.0 24.0 0.6186787144774121 4413.7 1.218395282046169
50.0 24.0 0.2722941366339857 4126.033333333334 1.2015180051353442
50.0 24.0 1.719403776730963 5598.5 1.2167664669865725
50.0 24.0 1.5146172769105724 5307.5 1.2039518890499472
50.0 24.0 0.41991717236155773 4933.733333333334 1.1895263050594633
50.0 24.0 0.4354639051765025 4171.333333333333 1.2587217100992836
50.0 24.0 0.8050824301549484 5662.033333333334 1.224878903146997
50.0 24.0 20.138656259530418 4997.3 1.1377367111222323
50.0 24.0 0.2754450536823828 4993.3 1.2204046768840944
50.0 24.0 0.3405275040364708 4957.0 1.3184491268731382
50.0 25.0 0.6023697533939116 3231.633333333333 1.2745893916050088
50.0 25.0 0.26820174919119616 4184.266666666666 1.2226425675808128
50.0 25.0 0.41461489167910837 5224.0 1.2145863288075145
50.0 25.0 0.39593516255125033 4774.4 1.1933368342510697
50.0 25.0 0.7836399593170119 4305.733333333334 1.2104457588671118
50.0 25.0 1.073704357774175 4010.2 1.1975289629850703
50.0 25.0 13.469639688161289 4909.166666666667 1.2095758097561624
50.0 25.0 0.6404314620781303 5349.4 1.2215919201540897
50.0 25.0 0.6933602546504825 5544.066666666667 1.231255661857236
50.0 25.0 0.6281696150868702 5440.166666666667 1.196448156929175
50.0 26.0 0.43326360159401195 4092.9 1.2060361213865862
50.0 26.0 0.3203548957184634 5345.466666666666 1.1925960704679732
50.0 26.0 0.3908701344004168 3601.2 1.2867445779406654
50.0 26.0 1.9050146176115372 4849.4 1.2156445808985252
50.0 26.0 0.31208890942892437 5061.866666666667 1.2308772342512555
50.0 26.0 0.4731885459897688 5538.933333333333 1.2737930300396523
50.0 26.0 2.9427400598284303 4422.833333333333 1.2473326560531184
50.0 26.0 0.40698900750631534 5350.466666666666 1.2195879348039655
50.0 26.0 0.44786420978503955 5451.933333333333 1.2614069823965124
50.0 26.0 0.6713107734081525 4482.7 1.3593446361502468
50.0 27.0 0.4291894360168131 5421.1 1.2131507472282839
50.0 27.0 1.5618481290197528 5114.2 1.2160337410257074
50.0 27.0 1.210581864669859 4055.2 1.1909821950522748
50.0 27.0 0.3280734075258319 5302.333333333333 1.313816959777298
50.0 27.0 1.7106174655929598 4748.666666666667 1.2923067162515234
50.0 27.0 1.1200766526402224 4503.733333333334 1.295996975894061
50.0 27.0 0.3625861265914783 3750.2 1.2342376913107211
50.0 27.0 0.4330153799290987 5226.3 1.2222790492223907
50.0 27.0 1.0503213274528878 5841.366666666667 1.2419350592343406
50.0 27.0 0.4624997651039394 5608.0 1.228748273833536
50.0 28.0 0.4625780888645581 5589.833333333333 1.2582291903169789
50.0 28.0 1.8726239055418967 5160.7 1.188730533339605
50.0 28.0 0.3726073257114249 5446.533333333334 1.2538326950984249
50.0 28.0 0.19902817871937273 4303.8 1.246059283733267
50.0 28.0 1.228540584389507 4760.1 1.2762460132933966
50.0 28.0 1.5111486901200992 3637.1 1.2847593837368045
50.0 28.0 1.1019270101829384 5720.166666666667 1.2474378654396931
50.0 28.0 0.41149906048184326 5036.0 1.302095922536078
50.0 28.0 1.4943794935510595 5004.4 1.32415592549643
50.0 28.0 5129.268838326486 4919.6 1.4037713759697892
50.0 29.0 0.8316718093710075 5496.133333333333 1.2441719212510771
50.0 29.0 0.48750629569495996 4464.033333333334 1.2085070183854738
50.0 29.0 2.1441501356092783 5465.166666666667 1.253852190826733
50.0 29.0 1.40169493593268 5418.533333333334 1.2378654507254905
50.0 29.0 0.2840334794246076 5451.366666666667 1.26880228092258
50.0 29.0 0.35094206007670975 4651.066666666667 1.1802485547595232
50.0 29.0 0.34418968942969036 3980.5666666666666 1.2281406882615538
50.0 29.0 0.7658853444663865 5894.8 1.2531892439827268
50.0 29.0 1.343890022090797 3941.4333333333334 1.2206584391995947
50.0 29.0 0.27688001789048233 3649.0333333333333 1.3075898104767743
50.0 30.0 0.4594526577838869 3916.6 1.1784031504457961
50.0 30.0 0.6478905422930163 4915.266666666666 1.24339919651709
50.0 30.0 0.6129822599654088 3873.1666666666665 1.2260617923228845
50.0 30.0 0.874691231215579 4408.366666666667 1.2241411959956054
50.0 30.0 0.42790017973250083 4104.733333333334 1.329662968991056
50.0 30.0 0.7254970168851538 4146.9 1.2335712054885604
50.0 30.0 5.943862704078145 5576.233333333334 1.2329039623965161
50.0 30.0 0.6049883755924158 5361.533333333334 1.2160752766313925
50.0 30.0 0.5807829221851296 5395.466666666666 1.2298443963896368
50.0 30.0 0.7502935337522992 4783.033333333334 1.2255372227915333
