50.0 1.0 6.578490249801799e-16 -1.0 0.0
50.0 1.0 3.5824269305821986e-16 -1.0 0.0
50.0 1.0 5.380327062259204e-16 -1.0 0.0
50.0 1.0 6.951757163005341e-16 -1.0 0.0
50.0 1.0 4.530184103368556e-16 -1.0 0.0
50.0 1.0 5.167283557279022e-16 -1.0 0.0
50.0 1.0 6.081172121418097e-16 -1.0 0.0
50.0 1.0 3.827000384309675e-16 -1.0 0.0
50.0 1.0 9.522380417555755e-16 -1.0 0.0
50.0 1.0 3.5031322521333637e-16 -1.0 0.0
50.0 2.0 4.775239502617002e-16 -1.0 0.0
50.0 2.0 2.0390642944985464e-15 -1.0 0.0
50.0 2.0 1.803685624337763e-15 -1.0 0.0
50.0 2.0 1.0394810895716922e-15 -1.0 0.0
50.0 2.0 4.567766806541097e-16 -1.0 0.0
50.0 2.0 4.382796978660158e-16 -1.0 0.0
50.0 2.0 1.474773731821886e-15 -1.0 0.0
50.0 2.0 5.258235737363026e-16 -1.0 0.0
50.0 2.0 8.412019287181627e-16 -1.0 0.0
50.0 2.0 6.177321274769537e-16 -1.0 0.0
50.0 3.0 9.508904643844182e-16 -1.0 0.0
50.0 3.0 7.507200327953547e-16 -1.0 0.0
50.0 3.0 2.161725618566912e-15 -1.0 0.0
50.0 3.0 6.603047658152883e-16 -1.0 0.0
50.0 3.0 1.5672884913649401e-15 -1.0 0.0
50.0 3.0 4.663396511851856e-16 -1.0 0.0
50.0 3.0 6.147413263128535e-16 -1.0 0.0
50.0 3.0 6.236147076335742e-16 -1.0 0.0
50.0 3.0 4.676213161078965e-16 -1.0 0.0
50.0 3.0 5.260583574003061e-16 -1.0 0.0
50.0 4.0 1.0791698812933404e-14 -1.0 0.0
50.0 4.0 2.654727746734997e-15 -1.0 0.0
50.0 4.0 3.811939338798232e-15 -1.0 0.0
50.0 4.0 9.91796194772015e-16 -1.0 0.0
50.0 4.0 9.7104158852657e-16 -1.0 0.0
50.0 4.0 6.511646078699844e-16 -1.0 0.0
50.0 4.0 7.766117458355964e-16 -1.0 0.0
50.0 4.0 5.15370653453315e-16 -1.0 0.0
50.0 4.0 4.971180872653793e-16 -1.0 0.0
50.0 4.0 6.833016151605678e-16 -1.0 0.0
50.0 5.0 2.6252006997789604e-15 -1.0 0.0
50.0 5.0 1.623886911350994e-15 -1.0 0.0
50.0 5.0 5.334964880545327e-16 -1.0 0.0
50.0 5.0 7.056820054110774e-16 -1.0 0.0
50.0 5.0 4.975747717699316e-15 -1.0 0.0
50.0 5.0 6.312765116880028e-16 -1.0 0.0
50.0 5.0 4.839739476263091e-16 -1.0 0.0
50.0 5.0 6.122178939077445e-16 -1.0 0.0
50.0 5.0 4.627041485168784e-15 -1.0 0.0
50.0 5.0 5.847057378453063e-16 -1.0 0.0
