50.0 1.0 1.6027836250231163e-15 -1.0 0.0
50.0 1.0 3.854088160796902e-16 -1.0 0.0
50.0 1.0 5.750556283297644e-16 -1.0 0.0
50.0 1.0 6.464582261914281e-16 -1.0 0.0
50.0 1.0 7.92579431400795e-16 -1.0 0.0
50.0 1.0 9.775848926339747e-16 -1.0 0.0
50.0 1.0 5.615873244330103e-16 -1.0 0.0
50.0 1.0 4.777727337922689e-16 -1.0 0.0
50.0 1.0 5.548449229548555e-16 -1.0 0.0
50.0 1.0 9.96447965128593e-16 -1.0 0.0
50.0 2.0 6.514540995293813e-16 -1.0 0.0
50.0 2.0 6.800264646382048e-16 -1.0 0.0
50.0 2.0 8.472190910147424e-16 -1.0 0.0
50.0 2.0 3.946206552693915e-16 -1.0 0.0
50.0 2.0 1.3418568270556546e-15 -1.0 0.0
50.0 2.0 3.1786640141726295e-16 -1.0 0.0
50.0 2.0 6.395139244057166e-16 -1.0 0.0
50.0 2.0 7.438859167415524e-16 -1.0 0.0
50.0 2.0 5.3645927513271024e-15 -1.0 0.0
50.0 2.0 5.293847204247638e-16 -1.0 0.0
50.0 3.0 1.6306392553567698e-15 -1.0 0.0
50.0 3.0 4.1001011304307227e-16 -1.0 0.0
50.0 3.0 4.2667725005173613e-16 -1.0 0.0
50.0 3.0 1.2720818972279239e-15 -1.0 0.0
50.0 3.0 1.3809982095903892e-15 -1.0 0.0
50.0 3.0 9.874683298161303e-16 -1.0 0.0
50.0 3.0 1.7962599263548364e-15 -1.0 0.0
50.0 3.0 4.510682877739575e-15 -1.0 0.0
50.0 3.0 1.0824493128976445e-15 -1.0 0.0
50.0 3.0 5.789320285393815e-16 -1.0 0.0
50.0 4.0 6.061412956826971e-16 -1.0 0.0
50.0 4.0 1.165599242845146e-15 -1.0 0.0
50.0 4.0 5.125127213972998e-16 -1.0 0.0
50.0 4.0 4.147883481730855e-16 -1.0 0.0
50.0 4.0 1.4365576977585908e-15 -1.0 0.0
50.0 4.0 6.505589956195737e-16 -1.0 0.0
50.0 4.0 3.821983898486479e-16 -1.0 0.0
50.0 4.0 6.852196079920448e-16 -1.0 0.0
50.0 4.0 5.024265699318387e-16 -1.0 0.0
50.0 4.0 4.772502648083165e-15 -1.0 0.0
50.0 5.0 8.086817835437395e-16 -1.0 0.0
50.0 5.0 5.933612195520598e-16 -1.0 0.0
50.0 5.0 9.856971684131936e-16 -1.0 0.0
50.0 5.0 8.577413920775289e-16 -1.0 0.0
50.0 5.0 2.406913318294737e-15 -1.0 0.0
50.0 5.0 4.1380706050355905e-16 -1.0 0.0
50.0 5.0 9.26835661271953e-16 -1.0 0.0
50.0 5.0 4.197445689874558e-16 -1.0 0.0
50.0 5.0 8.724011355956803e-16 -1.0 0.0
50.0 5.0 9.96789961483721e-16 -1.0 0.0
