50.0 1.0 0.19739589127456453 4272.533333333334 1.1717949757402613
50.0 1.0 0.21732537902547203 4143.8 1.1612061339841266
50.0 1.0 3.667084136464368 4164.6 1.1368214067780633
50.0 1.0 0.4593358206156235 4056.5333333333333 1.1296275686454433
50.0 1.0 0.3228018860517927 4200.2 1.1564594478948111
50.0 1.0 0.3740674873834002 4300.266666666666 1.190668914399392
50.0 1.0 0.6302900784988209 4168.2 1.16366901576136
50.0 1.0 0.1859708810896432 4261.233333333334 1.1910408829715562
50.0 1.0 0.47861840083480767 4014.233333333333 1.1527060945373295
50.0 1.0 1.299844564968761 4097.133333333333 1.118818656079705
50.0 2.0 0.18774141740204053 3930.5666666666666 1.1328574179160327
50.0 2.0 0.27932955148027555 4406.366666666667 1.160031599070259
50.0 2.0 0.6056777435531991 4013.733333333333 1.1184348890967164
50.0 2.0 0.3758034963696648 4551.966666666666 1.1369648798849084
50.0 2.0 0.27679524054457316 4474.7 1.1156944424589073
50.0 2.0 0.25183774947972776 3976.5 1.1202094596103416
50.0 2.0 0.3429600557474345 4109.633333333333 1.1682839758448276
50.0 2.0 0.4325598697224792 4282.933333333333 1.1453567753584708
50.0 2.0 0.5508050682308615 4491.3 1.1368878604834578
50.0 2.0 0.8996543423130698 4085.5666666666666 1.1074805516289428
50.0 3.0 0.27947921522380587 4624.166666666667 1.1530369725807295
50.0 3.0 0.1691313095277142 3900.6 1.163150289347885
50.0 3.0 0.40967535778310055 3861.9 1.1327441339256434
50.0 3.0 0.36663943288564493 3529.233333333333 1.1697990372841756
50.0 3.0 0.4609423765134236 4565.966666666666 1.156670459312779
50.0 3.0 0.8419615063132304 4679.5 1.135953522377623
50.0 3.0 0.5560245316342716 4777.5 1.1277576928263688
50.0 3.0 0.8516832425826961 3789.266666666667 1.1642806808483404
50.0 3.0 0.28154309960424917 3921.0 1.1246642329464271
50.0 3.0 0.2126056576754706 4136.8 1.132388999832063
50.0 4.0 0.15917592107549827 4890.366666666667 1.151296255555128
50.0 4.0 0.30904227948253643 4337.866666666667 1.1484741056997405
50.0 4.0 0.3158083330022675 4889.733333333334 1.1481565226046753
50.0 4.0 0.793581591303022 3599.0 1.132669924744127
50.0 4.0 0.3417183598582681 3760.766666666667 1.21745071730655
50.0 4.0 0.8348943214215745 4808.333333333333 1.148364990810909
50.0 4.0 0.34335321295058563 4485.433333333333 1.137058624671364
50.0 4.0 0.6461574533585869 4186.7 1.1233649674294868
50.0 4.0 1.1371002789428102 5019.5 1.1859639699502644
50.0 4.0 0.39343668004862775 4082.8 1.129731489866248
50.0 5.0 0.2935936498099846 4163.633333333333 1.1374220795020131
50.0 5.0 0.3360267898425181 3909.9333333333334 1.1604278539974684
50.0 5.0 0.5605127391851242 4668.433333333333 1.1752055030284247
50.0 5.0 0.31937163694634135 3459.8333333333335 1.1662478510611805
50.0 5.0 0.3356343290684866 3779.3 1.1430073553207534
50.0 5.0 0.22906282306598572 4142.066666666667 1.1493959190275556
50.0 5.0 0.531106073167591 4944.966666666666 1.1783340859747458
50.0 5.0 1.501350446888204 4851.233333333334 1.1648803928172995
50.0 5.0 0.763042045923518 4759.7 1.1539517429910642
50.0 5.0 0.28171160713266247 4619.266666666666 1.132848420600329
50.0 6.0 0.5755948693612666 4575.2 1.153570269744864
50.0 6.0 0.685028670228038 4567.633333333333 1.1416756855189631
50.0 6.0 0.2688645044267661 4691.966666666666 1.164279955587933
50.0 6.0 0.2758446636230706 3882.8333333333335 1.1508664118648573
50.0 6.0 0.30109279266540234 4498.666666666667 1.1805298112011644
50.0 6.0 3.3263875478371476 3517.766666666667 1.202613963961096
50.0 6.0 0.4378758664882379 4763.3 1.1310559150116535
50.0 6.0 2.7740680024975055 3743.3333333333335 1.2045131333103742
50.0 6.0 0.8149154281728571 5388.766666666666 1.1989468285730225
50.0 6.0 0.22306119778158331 5475.133333333333 1.2012785207258552
50.0 7.0 0.4959286499526012 4696.866666666667 1.1690603326207307
50.0 7.0 0.295495599940483 3575.9333333333334 1.2395914402118935
50.0 7.0 0.16435797175560513 4133.466666666666 1.1983719627909166
50.0 7.0 0.5396726838895395 4579.366666666667 1.1559359803068872
50.0 7.0 0.44697763215917646 3946.9666666666667 1.175798557956541
50.0 7.0 0.1968673058737493 4870.233333333334 1.1718608151297187
50.0 7.0 0.3994828491989376 4746.166666666667 1.1349949046808154
50.0 7.0 0.28292215957955463 3609.3333333333335 1.1942541241723856
50.0 7.0 1.212810395795397 4515.6 1.128739028965087
50.0 7.0 0.4903122153297828 5355.466666666666 1.1764312350042756
50.0 8.0 0.24882329147458612 5055.466666666666 1.1749140237272757
50.0 8.0 0.23846111209954968 4541.166666666667 1.1844993110738462
50.0 8.0 0.5584508282724265 5138.7 1.1812875786302979
50.0 8.0 0.2251724287302865 4009.266666666667 1.157114375733645
50.0 8.0 2.5377537016868024 5127.633333333333 1.1807459308883703
50.0 8.0 0.2311420912075347 4612.266666666666 1.1712000320274312
50.0 8.0 1.8856732793245117 5481.7 1.1945815701927207
50.0 8.0 0.39733655155595593 3566.766666666667 1.1960723012243752
50.0 8.0 0.21972852640429666 3245.1666666666665 1.1710541894579607
50.0 8.0 0.24035327409042587 4240.6 1.2131926541883977
50.0 9.0 0.25244556597221046 4268.666666666667 1.1679313555583724
50.0 9.0 0.4462845628081703 3602.633333333333 1.238938462256581
50.0 9.0 0.42462203944893656 3885.866666666667 1.2300473128399743
50.0 9.0 0.43472691299310084 4093.366666666667 1.144221602103688
50.0 9.0 0.4599857225269733 3926.366666666667 1.1766305204692766
50.0 9.0 0.3030453541665459 3812.9666666666667 1.1989999999754393
50.0 9.0 0.3153299708444356 4728.9 1.192417894165659
50.0 9.0 0.2473905250901633 4048.3 1.2134607179557197
50.0 9.0 0.7755602208933031 4448.633333333333 1.179615223092699
50.0 9.0 0.4612185271136299 3825.1666666666665 1.158443819570146
50.0 10.0 0.805612966543142 5277.1 1.2313650383181811
50.0 10.0 0.22373448427827308 5383.6 1.1638369699065798
50.0 10.0 0.3318029915476021 4715.733333333334 1.1694075186724122
50.0 10.0 0.2926306195240599 3392.8 1.2321697904113358
50.0 10.0 0.4464872147780151 5077.533333333334 1.1814817921816068
50.0 10.0 0.36467140414796134 4177.3 1.2048305439642235
50.0 10.0 0.26017012202604484 4557.133333333333 1.1661812973246837
50.0 10.0 0.38035181459388917 5415.833333333333 1.2037356057078445
50.0 10.0 0.27021712158597505 3432.866666666667 1.203722546118033
50.0 10.0 0.27529952615227865 3493.7 1.1953844202228636
50.0 11.0 1.3877262937585555 5194.633333333333 1.184837365315126
50.0 11.0 0.8080831678026698 4950.333333333333 1.1966523475053028
50.0 11.0 1.3669554021009735 5180.233333333334 1.1866359971768716
50.0 11.0 0.27437782357281576 5115.766666666666 1.1596953065564073
50.0 11.0 0.4560773987192993 4938.033333333334 1.2068375556168656
50.0 11.0 1.4868922802206899 5263.333333333333 1.2159848925261056
50.0 11.0 0.3519417021908131 3859.766666666667 1.1858450245659489
50.0 11.0 0.6447710842646435 5125.7 1.1855640855095144
50.0 11.0 0.2780355824642857 4372.2 1.1916745765181387
50.0 11.0 0.30290310417553973 5152.733333333334 1.2410680897631188
50.0 12.0 0.4744322670812265 5312.633333333333 1.224041082448946
50.0 12.0 1.3566044909670039 5369.166666666667 1.2117157439963029
50.0 12.0 1.4640392883440874 4555.466666666666 1.192236046964316
50.0 12.0 0.43350827671283787 5157.666666666667 1.216743364765598
50.0 12.0 0.22525288812076222 3503.733333333333 1.2094620995398044
50.0 12.0 0.3481147679233166 4341.6 1.1932008131249792
50.0 12.0 0.3165492126669241 4580.866666666667 1.1847544769235618
50.0 12.0 0.7377698226950244 5310.533333333334 1.1597264460427932
50.0 12.0 0.3221847305187454 4171.7 1.2878350647278394
50.0 12.0 0.4221489095509504 3949.366666666667 1.172349373626798
50.0 13.0 1.1512325979517637 4146.4 1.2232618634621413
50.0 13.0 0.3063334997138564 4931.133333333333 1.1749786440230203
50.0 13.0 0.4536383892502314 4748.6 1.1823997519461011
50.0 13.0 0.4571103599382955 5126.133333333333 1.215433453816585
50.0 13.0 0.33308293079614315 3544.366666666667 1.1805796830525823
50.0 13.0 1.037463198466202 4430.833333333333 1.2918366311790095
50.0 13.0 0.48575454005964075 5336.233333333334 1.2568718041739935
50.0 13.0 0.20646257113874075 5262.033333333334 1.2221608455523163
50.0 13.0 0.6125157401410016 5095.966666666666 1.192513976144009
50.0 13.0 0.5879061882606134 4810.3 1.1902348020483882
50.0 14.0 0.4273678225613458 4041.7 1.1956439822305047
50.0 14.0 0.5978491668890499 5017.8 1.179448861646791
50.0 14.0 0.44393380573230157 4741.8 1.1663108900808699
50.0 14.0 0.47601395814067704 3771.266666666667 1.2070842387605845
50.0 14.0 0.8431000458776414 4099.2 1.3210982274626362
50.0 14.0 0.3151637881583821 4244.733333333334 1.2290426695793866
50.0 14.0 0.36786304466403963 3843.766666666667 1.2264232818540577
50.0 14.0 0.6518133501651526 4632.166666666667 1.2432786031365157
50.0 14.0 0.45702833008704463 3891.7 1.2194250122716594
50.0 14.0 0.6000382606287121 4825.9 1.214437001584411
50.0 15.0 0.3745316497935876 4127.0 1.2722151111014106
50.0 15.0 1.1716721537236872 5119.5 1.1903750084294282
50.0 15.0 0.5799743823577532 4441.833333333333 1.1922145947777714
50.0 15.0 0.6361555812854467 3639.633333333333 1.2050149951978346
50.0 15.0 11.672956722373215 5390.766666666666 1.1968300596370283
50.0 15.0 1.448837494197248 4217.433333333333 1.187313194339726
50.0 15.0 0.4101235419860853 4479.9 1.3325040812013356
50.0 15.0 0.45634694027647965 5176.666666666667 1.2514580452916968
50.0 15.0 1.5254182673114802 4410.766666666666 1.2389093485778644
50.0 15.0 0.6629515749115258 4301.433333333333 1.173560594124962
50.0 16.0 0.3851051344904826 4667.466666666666 1.2178675110759138
50.0 16.0 0.4599649643942009 5153.266666666666 1.2217215676136084
50.0 16.0 0.5984860056087019 5225.966666666666 1.200555496009184
50.0 16.0 0.26708644031504775 5708.6 1.2473999930035078
50.0 16.0 0.310183852153564 4029.9333333333334 1.3005005248196113
50.0 16.0 0.3954782633818901 4036.6666666666665 1.1791518086317843
50.0 16.0 0.6851649050449211 5121.566666666667 1.1749058833969948
50.0 16.0 0.3469966308752976 3676.0333333333333 1.25316310473062
50.0 16.0 0.2985167910693544 3140.5333333333333 1.2349373186188253
50.0 16.0 0.6429903833811489 3764.5 1.2408416897391388
50.0 17.0 1.6955496280458349 4514.2 1.1572248378915004
50.0 17.0 0.2389162873195484 4846.133333333333 1.2068641294638913
50.0 17.0 0.38204280212414754 3155.1666666666665 1.3029169334725679
50.0 17.0 0.33872220812597575 5265.3 1.2175013997161004
50.0 17.0 0.4406681042404464 3980.8333333333335 1.2867443005206038
50.0 17.0 0.5964456863959343 4583.333333333333 1.2295937532253765
50.0 17.0 0.32106989537181824 4133.5 1.2924779246881637
50.0 17.0 0.8142939686742259 5253.0 1.2214882889667882
50.0 17.0 0.23726233602674238 4703.766666666666 1.2179088863606575
50.0 17.0 0.4770269253750293 4065.4666666666667 1.2377519999069173
50.0 18.0 0.967476985101006 4210.266666666666 1.1556496577118966
50.0 18.0 1.0284618115297721 5588.166666666667 1.2428470434363386
50.0 18.0 0.5971517508965807 4401.133333333333 1.2868884860345622
50.0 18.0 0.2964337644555315 5428.333333333333 1.203911673104828
50.0 18.0 1.3395491474023962 5261.3 1.2498921832940886
50.0 18.0 0.7489484598206158 4580.733333333334 1.306154738279645
50.0 18.0 0.4084089307293365 3912.266666666667 1.2907231247501612
50.0 18.0 0.4010667295023596 4139.966666666666 1.1803906816185799
50.0 18.0 0.85136162218608 5489.8 1.2367682001235454
50.0 18.0 0.3101226427764978 5494.333333333333 1.1940694827658902
50.0 19.0 0.29696301308498746 5513.1 1.2277222066101514
50.0 19.0 1.204347997508221 4368.9 1.3305554901175052
50.0 19.0 0.5577567321829302 4936.333333333333 1.2095490384239262
50.0 19.0 1.009840108341953 4702.066666666667 1.1830900254165218
50.0 19.0 2.0469654547994196 4934.033333333334 1.1680509544053446
50.0 19.0 0.6031728295494676 3715.3333333333335 1.1983330700449468
50.0 19.0 0.7163218879121493 4589.7 1.3501125075453677
50.0 19.0 0.40570474647893234 4636.833333333333 1.2586820842191537
50.0 19.0 0.39084183222708835 5515.566666666667 1.2196822540102903
50.0 19.0 2.5787198956572355 4053.233333333333 1.246929374805741
50.0 20.0 0.5797177241814062 4459.3 1.1908032021858461
50.0 20.0 0.49572428458608014 5560.366666666667 1.2108247977890885
50.0 20.0 0.6764162454545525 5047.633333333333 1.2130036806041395
50.0 20.0 1.78475880205401 3744.7 1.2471669799771692
50.0 20.0 0.4207782639841763 5247.366666666667 1.2099899163263883
50.0 20.0 1.0961402852615574 4650.2 1.1682701906844373
50.0 20.0 1.4012697923278872 4693.4 1.3216312881258305
50.0 20.0 0.5255404670627728 4001.8333333333335 1.2005745998437984
50.0 20.0 0.5480091987536989 5236.266666666666 1.2103114374676391
50.0 20.0 0.34767234479720793 4307.333333333333 1.1655636165234646
50.0 21.0 0.5830837522872968 4654.4 1.1955419224371164
50.0 21.0 6.087608861698665 3826.4 1.2456216687714374
50.0 21.0 0.6421322082046618 4076.8 1.17405732235831
50.0 21.0 0.43461831513064325 4868.733333333334 1.1713242703669826
50.0 21.0 0.3216930313792113 4418.9 1.199427809304427
50.0 21.0 0.29267661111242427 5023.966666666666 1.2081651877345254
50.0 21.0 0.2903724738113916 4540.7 1.1583615117278379
50.0 21.0 0.33603400060422633 3877.0333333333333 1.236305933997149
50.0 21.0 2.335809625768214 4421.8 1.2373470318569175
50.0 21.0 0.6807451452535369 5255.066666666667 1.2366999843690498
50.0 22.0 0.3253981353411784 3692.3 1.2312893928111202
50.0 22.0 0.44098160913697887 4961.266666666666 1.2731269250182977
50.0 22.0 0.48351036784882506 3936.1 1.2618607854676793
50.0 22.0 0.41076519183399646 4344.966666666666 1.2028328940844337
50.0 22.0 0.5823342935632989 5016.833333333333 1.228315875124958
50.0 22.0 19.356166810111088 3925.133333333333 1.1991445365550562
50.0 22.0 0.6920239485560968 4068.0 1.1972957111502078
50.0 22.0 0.9258862742266147 5090.933333333333 1.182424113066857
50.0 22.0 1.382833169117827 4662.4 1.1939450173795536
50.0 22.0 1.136467303545967 5033.1 1.193724336261215
50.0 23.0 0.5222158844282605 4310.133333333333 1.3335825013030975
50.0 23.0 0.7683787917434709 4866.266666666666 1.215105742435176
50.0 23.0 0.6606290449583713 5263.566666666667 1.2026760885431573
50.0 23.0 0.6520933538756656 5376.866666666667 1.2108934087753407
50.0 23.0 0.4511093287502938 4652.9 1.1932873279521743
50.0 23.0 0.844973584100898 4816.766666666666 1.1943268627636374
50.0 23.0 0.3876686413258025 4921.433333333333 1.3027630341274774
50.0 23.0 0.5356110601762015 5306.4 1.2484712584400355
50.0 23.0 0.32776744355655235 4039.6666666666665 1.2338097278707858
50.0 23.0 0.335320159805114 5779.6 1.2573024124168055
50.0 24.0 0.6257217324482895 4068.2 1.2489020896135434
50.0 24.0 0.7338986295217885 4056.6 1.1990576977418879
50.0 24.0 0.41181553563870393 5568.033333333334 1.2103995105929957
50.0 24.0 2.6857164533336517 5421.666666666667 1.2380199794583495
50.0 24.0 0.595008637740676 4888.5 1.2184129615566346
50.0 24.0 0.29408027556502697 4780.9 1.3711118202497834
50.0 24.0 2.4328103379973074 4636.033333333334 1.1997299243446284
50.0 24.0 0.31989568678370356 5492.333333333333 1.217264731315809
50.0 24.0 0.36857861045953044 5112.0 1.2188941384206573
50.0 24.0 0.7453758054956151 4199.633333333333 1.2026121286466311
50.0 25.0 0.5816507881491876 4012.0666666666666 1.210673138793602
50.0 25.0 0.7152964625834427 4159.6 1.2205830895536698
50.0 25.0 0.45781785057187974 4682.366666666667 1.2011040191787299
50.0 25.0 0.30632612881130306 5314.133333333333 1.2176591996564854
50.0 25.0 1.9951811084205577 5268.366666666667 1.1997864004658003
50.0 25.0 1.2300798726158215 4065.7 1.3426649854938226
50.0 25.0 0.5076092843515219 5636.366666666667 1.2449956912163371
50.0 25.0 0.3362504213889974 3942.9333333333334 1.1772867718351339
50.0 25.0 0.5256570454055982 3461.8 1.242654007642399
50.0 25.0 1.0865335187249712 5878.566666666667 1.240609312115229
50.0 26.0 0.2093775081605244 3417.4333333333334 1.2753094892059151
50.0 26.0 0.3546118325085687 4676.666666666667 1.3062175216736855
50.0 26.0 0.6541024958070953 4474.566666666667 1.2035053140311862
50.0 26.0 0.5361495794412521 4339.033333333334 1.2156900250798277
50.0 26.0 0.8713017043303 3679.0333333333333 1.2470975455105207
50.0 26.0 0.3900859913137154 3571.766666666667 1.1537458213543426
50.0 26.0 8.095858168453901 5336.166666666667 1.2963795390587236
50.0 26.0 0.6822252944694351 3601.633333333333 1.2500648314636231
50.0 26.0 2.461540492667687 3998.7 1.2166693167500482
50.0 26.0 0.6728306188028472 4876.4 1.2271081470141023
50.0 27.0 0.5341978261026362 4612.366666666667 1.2098466126114649
50.0 27.0 0.23891406191269285 4107.5 1.277096061460614
50.0 27.0 0.6350329762354036 4581.233333333334 1.3740512322197354
50.0 27.0 0.5958287950915432 4571.2 1.1962845311644577
50.0 27.0 1.1438580089205617 5272.166666666667 1.2290984963913816
50.0 27.0 1.2015517866825018 3880.3 1.2431957885072706
50.0 27.0 1.4906968703510577 5014.466666666666 1.232645247688193
50.0 27.0 0.8266342919970376 4997.0 1.2206183374893202
50.0 27.0 0.47259509894194085 4870.666666666667 1.23279078985041
50.0 27.0 0.4757387907224244 4659.966666666666 1.2150311878287183
50.0 28.0 1.0399248936205787 5948.4 1.2712136895347304
50.0 28.0 0.28106514893650747 5857.666666666667 1.3081133727205725
50.0 28.0 0.90269147993084 5561.366666666667 1.2176451741553938
50.0 28.0 0.7443792283216408 4500.066666666667 1.2237483049317013
50.0 28.0 0.8463454899751347 5138.333333333333 1.180236675398548
50.0 28.0 0.8202571351906802 5263.433333333333 1.2574667457811077
50.0 28.0 5.220545251183049 4744.8 1.2117076852627897
50.0 28.0 0.7223060029995235 5538.633333333333 1.191795299219092
50.0 28.0 0.3157408178477397 4757.533333333334 1.2210562212095826
50.0 28.0 0.21885850876826404 4172.9 1.341132728701726
50.0 29.0 0.29724082136905566 4420.866666666667 1.2876405858080913
50.0 29.0 0.49892810550162076 4218.466666666666 1.2064005443525678
50.0 29.0 1.0754983271985021 5258.6 1.2007103084552713
50.0 29.0 1.4690334645407241 5538.966666666666 1.2310067342533961
50.0 29.0 0.21213354301190032 4421.633333333333 1.2248928834758246
50.0 29.0 0.8359577688444089 4358.266666666666 1.2411853763960474
50.0 29.0 1.070927713146681 6185.033333333334 1.2617806733159957
50.0 29.0 0.5318129089268664 5602.4 1.2276027284885338
50.0 29.0 0.9058646193191516 4967.633333333333 1.209272548597153
50.0 29.0 0.531803884563916 5362.6 1.2120504504870173
50.0 30.0 0.1748530286888876 5061.333333333333 1.375240053107452
50.0 30.0 0.4301559633987176 5150.833333333333 1.3549566926805403
50.0 30.0 0.6027149076021864 4448.333333333333 1.2156973444668044
50.0 30.0 0.4695326352209475 4472.533333333334 1.1705124497863657
50.0 30.0 0.4102909446008635 4401.666666666667 1.1938491349188536
50.0 30.0 8.762434844868608 5597.733333333334 1.2440903724740473
50.0 30.0 0.48642781331896523 5133.333333333333 1.2112401997838844
50.0 30.0 0.4612448448248306 5507.7 1.2475155482347098
50.0 30.0 0.41927969625797484 3800.9333333333334 1.2049308532680763
50.0 30.0 1.2100699396626817 4746.366666666667 1.1879470668842795
