10.0 5.0 0.2141694196070686 78.8 1.236642428036144
10.0 5.0 0.2328887698758288 65.56666666666666 1.2534215483832385
10.0 5.0 0.16523199628613008 56.13333333333333 1.5627195630497313
10.0 5.0 0.4589810124060319 60.166666666666664 1.4017446964222218
10.0 5.0 0.5745802199737666 76.8 1.2021721207805056
10.0 5.0 0.1358953302307489 63.43333333333333 1.3615861164216094
10.0 5.0 0.09794011289076797 60.96666666666667 1.2874369555810279
10.0 5.0 0.8058107565938742 88.4 1.435272851170388
10.0 5.0 0.09992164332736891 62.9 1.2643611871926308
10.0 5.0 0.2827523581141835 70.03333333333333 1.362320778677624
35.0 5.0 0.2966210795353635 1793.8666666666666 1.1442824567345509
35.0 5.0 0.5616392280425555 1784.8333333333333 1.1416624726786244
35.0 5.0 0.3465250199706239 1554.9333333333334 1.1347640511253412
35.0 5.0 0.521434759364172 1377.0 1.1283803761584374
35.0 5.0 1.413066149833287 1810.8 1.154344148023034
35.0 5.0 0.4339087162191076 1870.6666666666667 1.2076101574343119
35.0 5.0 3.051318659982978 1837.9 1.151958655589607
35.0 5.0 0.3714801559801982 1654.8333333333333 1.1465010211140911
35.0 5.0 0.3430192252270462 1323.5 1.1647048971319418
35.0 5.0 0.4635704475664225 2221.233333333333 1.1547533129663496
60.0 5.0 0.29689870063195595 5553.3 1.1870922241882675
60.0 5.0 0.5314020475639442 5585.166666666667 1.1356577027090609
60.0 5.0 0.413428517319067 7679.033333333334 1.1350411785022088
60.0 5.0 0.4678989853466763 6011.4 1.1427340218086748
60.0 5.0 0.4588400823727439 7169.466666666666 1.1292763816492148
60.0 5.0 1.181869759848023 7914.3 1.182801709154153
60.0 5.0 0.4099778778244475 7644.066666666667 1.1554388838995888
60.0 5.0 0.3070204586163922 8031.666666666667 1.169869274090615
60.0 5.0 0.6102587679981909 7157.333333333333 1.136202849164193
60.0 5.0 2.4795337778880215 7291.866666666667 1.1206001352611856
85.0 5.0 0.29842052696118737 16997.9 1.148816961887057
85.0 5.0 0.29074010236119885 12005.666666666666 1.1464114696550516
85.0 5.0 0.2125946082005841 18177.8 1.164645674541135
85.0 5.0 0.885305242568585 17352.733333333334 1.143543657922741
85.0 5.0 0.6648889514541357 18243.7 1.1501536862683426
85.0 5.0 1.0030377748824861 15162.6 1.1165823893628528
85.0 5.0 0.49933117465974314 15638.433333333332 1.1462967567803877
85.0 5.0 22.426962716848198 14709.333333333334 1.1344189571046601
85.0 5.0 0.2229255478812533 19103.266666666666 1.1771372714954922
85.0 5.0 1.2417225464563886 17312.1 1.138829390224831
110.0 5.0 0.20120476627533473 26232.266666666666 1.1503441988890055
110.0 5.0 0.3503670225085561 23069.266666666666 1.1297799498253067
110.0 5.0 0.2202686988543677 33120.63333333333 1.1501543635909373
110.0 5.0 3.4275084079964873 31655.533333333333 1.1433499090385866
110.0 5.0 0.42506824007888777 28403.333333333332 1.112874123587517
110.0 5.0 0.3180955644750165 33701.666666666664 1.1398104979501094
110.0 5.0 0.2014583607012398 30313.966666666667 1.1479290641295354
110.0 5.0 0.9300692377789378 28163.933333333334 1.1380809784022408
110.0 5.0 0.5216113430425666 23534.366666666665 1.1446777682247318
110.0 5.0 0.3383729117346472 26890.9 1.1243761117332838
135.0 5.0 4.322478879506582 40173.73333333333 1.1291688574957577
135.0 5.0 0.5352592951771845 52690.7 1.1289540811662142
135.0 5.0 1.1411334899389254 47470.46666666667 1.1430647821751896
135.0 5.0 0.4539704032105077 43480.066666666666 1.149666217151186
135.0 5.0 0.4145994135997639 53348.63333333333 1.1487638967632963
135.0 5.0 0.2968787961755161 48997.3 1.148563007629508
135.0 5.0 0.29353703437241185 55454.76666666667 1.1541683234692224
135.0 5.0 0.3530544573998475 56710.96666666667 1.168257992018573
135.0 5.0 0.34084466188026497 57673.73333333333 1.164151883948609
135.0 5.0 0.25114147818044114 40857.666666666664 1.1286446224236768
160.0 5.0 0.2926428595916422 78877.83333333333 1.1525113271659773
160.0 5.0 0.3347783680136041 71325.4 1.1386852530908678
160.0 5.0 0.3201236084098987 72160.56666666667 1.1350187247908679
160.0 5.0 0.3022540896542269 62240.2 1.1430724114779987
160.0 5.0 0.30360487308448625 68760.16666666667 1.1261640923686993
160.0 5.0 0.5961862597723341 61567.26666666667 1.1240482824849038
160.0 5.0 0.44394771255057036 61015.333333333336 1.1373784316763655
160.0 5.0 0.2230402028939265 57161.53333333333 1.1182588758251626
160.0 5.0 0.32640089934404337 83073.83333333333 1.1491099560175935
160.0 5.0 0.390328534239065 62299.7 1.1113240999291574
185.0 5.0 0.2964810257596125 113530.7 1.1408938023766877
185.0 5.0 0.2485225896597344 116542.36666666667 1.1521496897997792
185.0 5.0 0.3095350197892123 95348.63333333333 1.130279867760044
185.0 5.0 0.44697512354113894 104019.36666666667 1.132145298439921
185.0 5.0 0.7207683655078226 102897.23333333334 1.1394183000495295
185.0 5.0 4.030603730797839 101081.6 1.1295240376921958
185.0 5.0 0.3609300324786727 109625.53333333334 1.1347844672636787
185.0 5.0 0.33939760926637136 99497.66666666667 1.136716630588611
185.0 5.0 0.6314066349191616 113485.1 1.136013481563084
185.0 5.0 37.46195781709222 99655.66666666667 1.119846085601968
210.0 5.0 0.2783097539405229 129795.76666666666 1.126168992023446
210.0 5.0 0.3936788397941961 132460.46666666667 1.133572686097611
210.0 5.0 0.5963554498873459 130095.0 1.1178908394472629
210.0 5.0 1.6577853954066153 114764.23333333334 1.1235527933899276
210.0 5.0 0.2792801846822989 159010.23333333334 1.1622241859613784
210.0 5.0 0.27021079772591566 149264.53333333333 1.1345492185102146
210.0 5.0 1.9438901924278027 121605.4 1.1262345391743926
210.0 5.0 0.3261758598289172 130850.6 1.121637488802717
210.0 5.0 0.46647717328402755 143961.9 1.1300709111374825
210.0 5.0 0.6086387279720873 127194.33333333333 1.137698241348513
235.0 5.0 0.4098795782423795 146047.6 1.1150461967673801
235.0 5.0 0.3813247274483497 210899.3 1.1569772371114064
235.0 5.0 0.8408072870221521 199844.06666666668 1.131076153019442
235.0 5.0 0.6788446103718312 180748.53333333333 1.1301382505842514
235.0 5.0 0.2540284020323826 156881.86666666667 1.1168116031121678
235.0 5.0 0.3232539602164582 168641.86666666667 1.1396211556750697
235.0 5.0 0.5539694512821017 177277.33333333334 1.1361425980515867
235.0 5.0 0.2928365616583152 195175.36666666667 1.1440159962090837
235.0 5.0 0.3057012236907648 177001.93333333332 1.1332294600854995
235.0 5.0 0.683903608679467 177411.76666666666 1.1259629925599672
260.0 5.0 0.2847337523178325 231198.53333333333 1.1333183662058446
260.0 5.0 0.33385725398508354 258908.93333333332 1.1374396295105489
260.0 5.0 1.026420650496825 179885.5 1.1177127427201214
260.0 5.0 0.3187943817764197 241887.93333333332 1.1320309030577278
260.0 5.0 0.34150011190171037 250014.46666666667 1.138233306391167
260.0 5.0 0.2826484337158344 249242.63333333333 1.1464495891267674
260.0 5.0 0.27375361645255597 227366.33333333334 1.1418732637117481
260.0 5.0 0.4212467285020339 180873.96666666667 1.11559101380919
260.0 5.0 0.6714519638425023 254228.73333333334 1.1393636492606822
260.0 5.0 0.39158140646468603 205885.36666666667 1.1238220413364968
285.0 5.0 0.36305605012203107 209760.96666666667 1.1138448894689368
285.0 5.0 0.4100532671810437 257835.56666666668 1.1177771692436103
285.0 5.0 0.4603748485999534 282476.5333333333 1.1284103470683184
285.0 5.0 0.2847020812158396 216233.4 1.1192226241825496
285.0 5.0 0.4075968177137495 307089.86666666664 1.1429755804188395
285.0 5.0 0.3169490219923729 299394.3 1.1388689552631435
285.0 5.0 0.8525036265919054 308380.56666666665 1.1425438935564158
285.0 5.0 0.6256026959979403 290536.13333333336 1.1299622210885463
285.0 5.0 1.048099596244291 274952.76666666666 1.1237998392833224
285.0 5.0 0.37505339439703533 290393.5333333333 1.135294199195257
